1.1749299764633179
2.076848268508911
2.0440475940704346
1.2139792442321777
1.5766714811325073
1.705210566520691
1.2024017572402954
1.0921216011047363
0.8371902704238892
1.0036970376968384
1.6262136697769165
1.13419508934021
1.0204108953475952
0.8480367660522461
0.959544837474823
0.7541399002075195
0.9358636140823364
1.3757878541946411
1.1147143840789795
0.8992869257926941
0.7463405728340149
0.8167932629585266
0.7925912141799927
0.8771718144416809
0.7463074922561646
0.8401059508323669
0.7355111241340637
1.0508958101272583
0.8043497204780579
0.937307596206665
0.8148069381713867
0.8555815815925598
0.8106181025505066
0.9715118408203125
0.8928549289703369
0.7521988749504089
0.9802877902984619
0.8640271425247192
0.7375636696815491
1.135335922241211
1.097333312034607
0.9375650882720947
0.9146764874458313
0.7256201505661011
0.9249640703201294
0.95305997133255
0.7799676060676575
0.8246292471885681
0.9426807761192322
0.9629791975021362
0.8622667193412781
0.9635185599327087
0.9071114659309387
0.8601823449134827
0.9038265943527222
0.8681948781013489
0.8702358603477478
1.0788241624832153
0.7634044289588928
0.7522156834602356
0.8069610595703125
0.7816833853721619
0.9873225092887878
0.8076496124267578
0.8190305829048157
0.964350163936615
0.8198087215423584
0.9263196587562561
0.8929697871208191
1.1488087177276611
0.8336073756217957
1.5454634428024292
0.8851106762886047
0.8070684671401978
0.8546591997146606
0.7289743423461914
0.827078104019165
0.9584057331085205
0.7764871716499329
0.8881600499153137
0.8022120594978333
0.7932949066162109
0.7786393165588379
0.9355987906455994
0.8146554231643677
1.1077545881271362
1.076562762260437
0.8349082469940186
0.7658320665359497
0.7624766826629639
1.0409022569656372
0.8238528370857239
0.8128927946090698
0.8516829013824463
0.7777683734893799
0.9854878187179565
0.8770982027053833
0.9258615970611572
0.7809081673622131
0.9142157435417175
0.9213269352912903
0.8703227639198303
0.7602494359016418
0.7150036692619324
0.9203495383262634
0.8713364005088806
1.2201813459396362
0.8277880549430847
0.8161725401878357
0.9268973469734192
0.7797004580497742
0.8722540736198425
0.7849155068397522
0.7878029942512512
0.7275368571281433
0.8106130361557007
1.07477605342865
0.8186309337615967
0.8201522827148438
0.8988144397735596
0.8485574722290039
0.8573609590530396
0.8750743865966797
1.1115301847457886
0.8131482005119324
0.9320035576820374
0.7787041068077087
0.8461194634437561
0.9320321679115295
1.0042787790298462
0.7584674954414368
0.8300756812095642
0.7756207585334778
0.9240820407867432
0.8022041320800781
0.7094844579696655
0.8331474661827087
0.7559279203414917
0.8380178809165955
0.8399704098701477
1.136866569519043
0.7496050000190735
0.7430325150489807
0.7196181416511536
0.9311395287513733
0.873691976070404
0.6959508061408997
0.9740121960639954
0.7293372750282288
0.8726524710655212
0.8129140734672546
0.7103517651557922
0.9136496782302856
0.7814911007881165
0.6998341083526611
0.7663668990135193
0.7124620676040649
0.7532845139503479
0.647624671459198
0.8915729522705078
0.87338787317276
0.7185512781143188
0.8113997578620911
0.8939993381500244
0.8049411773681641
1.0104057788848877
0.724488377571106
0.7917730808258057
0.8673564195632935
0.8214345574378967
0.7558497786521912
1.0194767713546753
1.0724031925201416
0.9701030850410461
1.258759617805481
1.0613207817077637
0.7899736762046814
1.0583049058914185
0.7774745225906372
0.750885546207428
0.9251139163970947
0.9221736192703247
0.9576199650764465
0.9443143010139465
0.8024799227714539
0.858240008354187
1.0314399003982544
0.98841392993927
0.7688677906990051
0.9713371992111206
0.9029002785682678
0.9231119155883789
0.6878123879432678
0.9266232252120972
0.7673038840293884
0.8232091069221497
0.6163027286529541
1.0427263975143433
0.7394770383834839
0.9933192133903503
0.9109509587287903
0.9167054295539856
0.724811851978302
0.9287556409835815
0.9416800737380981
1.0095689296722412
0.8224923610687256
0.7603851556777954
0.8535568714141846
0.8211340308189392
0.7573322653770447
0.8087075352668762
0.9427589774131775
0.7204041481018066
0.8837571144104004
0.8154700398445129
0.7139876484870911
0.9946827292442322
1.0409444570541382
0.8090282082557678
0.8549109697341919
0.68781977891922
0.8314846158027649
0.7889072895050049
1.0043121576309204
0.8461679220199585
0.7710815668106079
0.8158392310142517
0.8033494353294373
1.4567959308624268
0.7565904259681702
0.8344376683235168
1.0148862600326538
0.8950175046920776
0.8578326106071472
1.4211894273757935
0.8306694030761719
1.0360548496246338
0.7214377522468567
0.7975768446922302
0.8428782224655151
0.8917533159255981
0.7221091389656067
0.8132663369178772
0.7422655820846558
0.8344572186470032
0.8782207369804382
0.7992515563964844
0.714485228061676
1.241811990737915
0.8294505476951599
1.0832791328430176
0.8068463802337646
0.7138615846633911
0.7251296639442444
0.8933890461921692
0.8241751790046692
0.8405704498291016
0.8378039598464966
1.0350614786148071
0.9082372784614563
0.8152394890785217
0.8242495059967041
0.9251596927642822
0.7841216325759888
0.732336699962616
0.7538506388664246
0.960845947265625
0.8281906247138977
0.8394589424133301
0.8639264702796936
1.0712767839431763
0.7476324439048767
0.9958384037017822
0.7687905430793762
0.6349869966506958
0.8098537921905518
0.7295512557029724
0.9142820835113525
0.9472333192825317
0.8710184097290039
0.790081262588501
0.9880319237709045
0.8114134669303894
0.777647078037262
0.8679906725883484
0.7624168992042542
0.8123031258583069
0.7339621782302856
0.7278288006782532
0.7648608088493347
0.7994424104690552
0.8628247380256653
0.8160054087638855
0.8126740455627441
0.9104898571968079
0.8021119236946106
0.9096512198448181
0.813003420829773
0.754178524017334
0.5689895749092102
0.8147389888763428
0.780426561832428
0.8804139494895935
1.0000648498535156
0.7553322911262512
0.7516902089118958
0.8139603734016418
0.7608806490898132
0.7837627530097961
0.797827959060669
0.7851834893226624
1.1623982191085815
1.034483790397644
0.7861760258674622
0.8579206466674805
0.9135310053825378
1.2456461191177368
0.8735587000846863
0.793177604675293
0.837926983833313
0.8610459566116333
0.7035537362098694
0.697455644607544
0.9271240234375
0.8328185677528381
1.0687854290008545
0.8098965883255005
0.840484082698822
0.8086565732955933
1.2017468214035034
0.9305233359336853
0.7721526026725769
0.8917875289916992
0.9063863754272461
0.9295687079429626
1.1806386709213257
0.7750352621078491
0.8022764921188354
0.7842320799827576
0.7189532518386841
0.7481817603111267
0.735104501247406
0.783935010433197
0.8759924173355103
0.7351670861244202
0.9284413456916809
0.8055980205535889
0.784835934638977
1.1691184043884277
0.7604141235351562
0.7969339489936829
0.8340293169021606
0.7587190270423889
0.9801303148269653
0.7730724215507507
0.7764719724655151
0.8853557705879211
0.7876601219177246
0.8264846801757812
1.383374571800232
0.8002535700798035
0.774074137210846
0.7823863625526428
0.8274669051170349
1.1825447082519531
0.9234394431114197
0.8650175929069519
0.7906988263130188
0.7858485579490662
0.9855446219444275
0.8702539801597595
0.774578869342804
0.9198773503303528
0.8042876720428467
1.1251710653305054
0.8313632607460022
0.9161247611045837
0.8845561742782593
0.9410532712936401
0.9996935725212097
0.7634098529815674
0.7127009034156799
0.8521286845207214
0.737393319606781
0.9181569218635559
0.6495493054389954
0.7709111571311951
0.9081060886383057
1.00382661819458
0.6663300395011902
0.8227376937866211
0.9379396438598633
1.336154580116272
0.8184618353843689
0.7782877087593079
0.899998128414154
0.8543059229850769
0.9614546895027161
0.9077480435371399
0.9270156025886536
1.1782114505767822
0.6013778448104858
0.7856181263923645
0.9354636073112488
1.0048598051071167
0.8983761668205261
0.7331465482711792
0.8786844611167908
0.9111709594726562
1.0612281560897827
1.0141091346740723
0.8069380521774292
0.943354606628418
0.8122242093086243
0.7557770609855652
0.9204753041267395
0.9774084091186523
0.8158510327339172
0.7316029667854309
0.7447378635406494
1.0197904109954834
0.9626640677452087
0.8126295208930969
0.8262240886688232
0.7827677130699158
1.124754786491394
0.7118222117424011
1.1269330978393555
0.7038969397544861
1.0308185815811157
1.1939830780029297
0.82990962266922
0.8905870914459229
0.8229630589485168
0.9553082585334778
0.6808449625968933
0.6137359738349915
0.8509690165519714
0.7837293744087219
0.8957809805870056
1.2326834201812744
0.8175581097602844
0.77734375
0.7239456176757812
0.8007950186729431
0.9157074689865112
0.8243364691734314
0.8310835957527161
0.7132321000099182
0.8174728751182556
0.7694481015205383
1.0599291324615479
0.8622241616249084
0.7858269214630127
0.7391022443771362
0.7694263458251953
1.038311243057251
0.8385298252105713
0.9622880220413208
0.8904004693031311
0.8976446986198425
1.2041513919830322
0.9596279859542847
0.8996416926383972
0.8569695949554443
0.8351551294326782
0.8392820954322815
0.7802408337593079
0.8698726892471313
0.980134129524231
0.7612277269363403
1.0267301797866821
0.7114615440368652
0.7814147472381592
1.280845284461975
0.7320266962051392
0.9645578861236572
0.7924453020095825
0.8356369137763977
1.0557968616485596
0.7131742835044861
0.724755585193634
0.8254684805870056
0.81988924741745
0.7196023464202881
1.0477186441421509
0.8103359341621399
0.9403517246246338
0.8176352381706238
1.0425891876220703
0.9127882719039917
0.8396040797233582
0.8173600435256958
0.8034725189208984
1.0104073286056519
1.0160726308822632
0.8456024527549744
1.0561245679855347
0.5513378977775574
0.8888943791389465
0.9593310952186584
0.8226766586303711
0.8197551965713501
1.0242677927017212
0.7648175358772278
0.8947703242301941
0.9022844433784485
0.7169409394264221
0.7448746562004089
0.7290173768997192
0.9024075269699097
0.7590978741645813
0.8048633933067322
0.7512155771255493
0.805304765701294
0.7533687353134155
1.036440372467041
0.7971475720405579
0.8077572584152222
0.8837372660636902
1.0876579284667969
0.83879554271698
0.8558152318000793
0.9362358450889587
0.9214598536491394
0.820233166217804
1.010292887687683
0.9647291302680969
0.7342084050178528
0.8822265267372131
0.8151540160179138
0.7005873918533325
0.8386245369911194
1.023680567741394
0.9925268292427063
0.7467215657234192
0.8565476536750793
0.8307886123657227
0.6781595349311829
1.1498199701309204
0.8427155017852783
0.8149636387825012
0.7378426790237427
0.9764936566352844
0.8966730237007141
0.8064129948616028
0.8235417604446411
0.7526816129684448
1.0388145446777344
1.016768217086792
0.8400630950927734
0.9257524609565735
0.9275850653648376
0.8426192402839661
0.7604021430015564
1.0054813623428345
0.7607312798500061
0.6991192698478699
0.8517358899116516
1.1108344793319702
0.7619495391845703
0.8399729132652283
0.8800034523010254
0.8692787289619446
0.9623139500617981
1.0995237827301025
0.8510414958000183
0.7403325438499451
0.7139885425567627
0.8667689561843872
1.0102005004882812
0.814003586769104
0.8450081944465637
1.124037265777588
0.9650745391845703
0.7479901909828186
0.8813208937644958
0.8427354097366333
1.0842654705047607
0.9250401258468628
0.8287666440010071
0.8267155289649963
0.8067666292190552
1.253153681755066
0.8348110318183899
0.7541693449020386
0.7302650809288025
0.7691975831985474
0.8536974787712097
0.6803644299507141
0.8164250254631042
0.8606321215629578
1.4874650239944458
0.8621093034744263
0.7644894123077393
0.844390332698822
0.8097600340843201
0.7447865605354309
0.7506610155105591
0.765984296798706
0.8330478668212891
0.9901210069656372
0.652114748954773
0.8507480621337891
1.0075469017028809
0.8719580173492432
0.980577290058136
0.7488438487052917
0.9867233633995056
0.7499371767044067
0.7492413520812988
0.9555098414421082
0.8480381369590759
0.903753936290741
1.020978331565857
0.9936476945877075
0.8174088001251221
0.885823130607605
1.0737855434417725
0.7606447339057922
0.7761147618293762
0.7636088132858276
0.7662243247032166
0.9074158072471619
0.7505930066108704
0.7374182343482971
0.7916941046714783
0.7814691066741943
0.9766811728477478
1.0639463663101196
1.2708853483200073
0.7962344288825989
0.7766783833503723
0.9876978397369385
0.866155743598938
0.7705943584442139
0.7010593414306641
0.7593855261802673
0.9260421395301819
0.8580952882766724
0.8166108727455139
0.7918037176132202
0.9759534001350403
0.9990423917770386
0.7825371623039246
0.8382410407066345
0.845997154712677
0.7636203765869141
0.5544569492340088
1.1996042728424072
0.8282707929611206
0.952488899230957
0.8644533753395081
0.8063076138496399
0.80964595079422
0.8571884632110596
0.7791445851325989
0.8342078328132629
0.7899113297462463
0.7425917387008667
0.7561438679695129
0.7459694147109985
0.8276359438896179
0.7698891162872314
1.0460519790649414
0.7425169348716736
1.0781837701797485
0.7293259501457214
0.7336433529853821
0.8665878772735596
0.742720901966095
1.0065371990203857
0.7619410753250122
0.90074223279953
0.8455999493598938
0.765280544757843
0.642085075378418
0.8060073256492615
0.7999833226203918
0.8487767577171326
0.8777803182601929
0.8457146883010864
0.9443390965461731
0.7780097126960754
0.83135986328125
0.7167454957962036
0.6905481815338135
1.0097225904464722
0.8589951395988464
0.967154324054718
0.7193135023117065
1.2700716257095337
0.8718650341033936
0.7122352719306946
0.7177546620368958
0.8297041058540344
0.7014639973640442
0.8193840384483337
0.8152554035186768
2.3264708518981934
0.7154159545898438
0.7239997386932373
0.6832396984100342
0.9535449147224426
0.7203570604324341
0.809179961681366
1.0577869415283203
0.8428520560264587
0.8031985759735107
0.8485172986984253
1.1285499334335327
1.0487804412841797
0.9163504838943481
0.7491734623908997
0.79822838306427
0.752140998840332
0.8045732975006104
0.8120806813240051
0.7853114604949951
0.9188803434371948
0.7807492017745972
0.8307203650474548
0.7260077595710754
0.7949517369270325
0.7873905301094055
0.7696231007575989
1.0542658567428589
0.8367739915847778
0.7691091299057007
0.8098072409629822
0.8775272965431213
0.7104108333587646
0.8048338294029236
1.0772391557693481
0.8967882990837097
0.7058581113815308
0.9054402112960815
1.0717450380325317
0.8447006344795227
0.7315705418586731
0.702652633190155
0.8059942126274109
0.8275436758995056
0.8268541097640991
0.8432875871658325
0.7474640011787415
0.7187187671661377
0.6701280474662781
0.8989226222038269
0.6908068060874939
0.9954260587692261
0.8937675952911377
0.9533473253250122
0.8360159993171692
0.7858322858810425
0.8154106140136719
0.9083120822906494
0.8461743593215942
0.7367843985557556
0.8523901700973511
0.675958514213562
1.0369442701339722
0.7715284824371338
0.7515594959259033
0.7668030261993408
0.7746977210044861
0.8761008977890015
1.1144604682922363
0.7781095504760742
1.0431468486785889
0.9481891989707947
0.7110281586647034
1.0689629316329956
0.8388577103614807
0.7640921473503113
0.84514981508255
0.8188937306404114
0.857864260673523
1.1578407287597656
0.8567201495170593
0.945672333240509
0.8158396482467651
0.902838408946991
0.7955262660980225
0.88807213306427
0.8901222944259644
0.8185833096504211
1.0459997653961182
0.7845101952552795
0.9749950766563416
0.8628661632537842
0.7524504065513611
0.6830762028694153
0.7340378165245056
1.0296639204025269
0.8455093502998352
1.2423394918441772
0.7955082058906555
0.8341867327690125
1.052101731300354
0.7533754706382751
0.9072853922843933
0.8236000537872314
0.8241419196128845
0.8717480897903442
0.904636800289154
0.9153874516487122
0.7978797554969788
0.753350555896759
0.7613866925239563
0.8801025748252869
0.8914318084716797
0.9223947525024414
0.6653057336807251
0.7757248282432556
0.7633523941040039
1.248901605606079
0.798442006111145
1.1753655672073364
0.8110605478286743
0.6684699654579163
0.7850130200386047
0.832667887210846
0.7382229566574097
1.070008635520935
0.8465360999107361
0.7107335925102234
0.9787636995315552
0.7685418128967285
0.7830118536949158
0.8430030345916748
0.8147053122520447
0.885165810585022
0.7403385639190674
0.794884979724884
0.8781744837760925
1.2391555309295654
0.8365890979766846
0.7438035607337952
0.8537969589233398
0.8635177612304688
1.142232060432434
0.8285857439041138
0.8354936242103577
0.727798342704773
1.15599524974823
0.7537816166877747
0.9381884336471558
0.8390361070632935
0.9249581098556519
0.7581360340118408
0.8829745054244995
0.7362907528877258
0.8293634653091431
0.8825253844261169
0.7872739434242249
0.8182967305183411
0.9309317469596863
0.7398788928985596
0.985172688961029
0.8332952857017517
0.828790545463562
0.9299297332763672
0.8314079642295837
0.7826364636421204
0.7677385807037354
0.7703098058700562
0.9698082804679871
0.6461285352706909
0.8959110975265503
0.7458675503730774
0.845562219619751
0.8524537682533264
0.7291625142097473
0.7620077729225159
0.6988165378570557
0.9398297071456909
0.6888979077339172
0.8597548007965088
0.7405171394348145
0.7957680821418762
0.8728253245353699
1.0585217475891113
0.7983121275901794
1.2083462476730347
0.8184569478034973
0.7369397282600403
0.8833196759223938
0.6320406794548035
0.786586582660675
0.8773201107978821
0.9424489140510559
1.1348055601119995
0.7753498554229736
0.7257735133171082
0.733027458190918
0.771678626537323
0.7853477597236633
0.7454742789268494
1.1066467761993408
0.900031328201294
0.8937541246414185
0.8528661727905273
1.0916301012039185
0.8649190068244934
0.9730401635169983
1.0355374813079834
0.7684431076049805
0.6680018305778503
0.750405490398407
0.9406702518463135
0.8918245434761047
0.7622248530387878
0.8005573153495789
0.7177236676216125
0.6473564505577087
0.7324545979499817
1.415327787399292
0.9495121836662292
0.7766108512878418
0.8857736587524414
0.7498722076416016
1.2065086364746094
0.7738898396492004
1.1256214380264282
1.0697388648986816
0.7854564785957336
1.0204944610595703
0.9413920640945435
0.5536198019981384
0.7097242474555969
0.861884355545044
0.8742468953132629
0.763353168964386
1.1492811441421509
0.9138759970664978
0.7839608192443848
0.731261670589447
0.7703554630279541
0.807868480682373
0.7442969679832458
0.8097679018974304
1.1017805337905884
0.8652432560920715
0.6848806738853455
0.7639044523239136
0.7447645664215088
0.7970505952835083
0.8610997796058655
0.826270341873169
0.8302609324455261
1.0890933275222778
0.8044456243515015
0.7379288077354431
0.8414933681488037
0.9253165125846863
0.7472487092018127
0.9824436902999878
0.7658833265304565
0.8107341527938843
0.7453479766845703
0.7399552464485168
0.9157355427742004
0.9030845761299133
0.8998695015907288
0.7629457116127014
0.7005560994148254
0.8341290354728699
0.7187517881393433
0.7233604788780212
0.7453087568283081
1.0232830047607422
1.0100750923156738
0.8609391450881958
0.9638583064079285
0.8717279434204102
0.7227094769477844
0.8199828267097473
1.0478101968765259
0.943541407585144
1.4392272233963013
0.9309249520301819
1.188767671585083
0.7695519328117371
0.7413733005523682
0.9470740556716919
0.9998682737350464
0.8451024889945984
0.8005967140197754
0.760097861289978
0.8553517460823059
0.7644691467285156
0.8718942999839783
0.7480376362800598
0.7641046047210693
0.8184675574302673
0.6318491101264954
0.8536844849586487
0.7516753077507019
0.7256973385810852
0.8588012456893921
0.7549017071723938
0.9131441116333008
0.7639988660812378
0.7298189997673035
0.8029502034187317
0.714468777179718
0.8453552722930908
0.769156277179718
1.0452637672424316
0.9015524387359619
0.8915255665779114
0.7856882214546204
0.7680090665817261
0.8883293271064758
1.2027413845062256
0.7125117182731628
0.8872938752174377
0.7858883738517761
0.8483436703681946
0.787492036819458
1.0110154151916504
0.9394153952598572
0.6950730085372925
0.8077549338340759
0.9823988080024719
0.7215545773506165
1.1959842443466187
0.8298800587654114
0.7767589092254639
0.9884482622146606
0.8416431546211243
0.7123565673828125
0.902736246585846
0.740528404712677
0.8868153691291809
0.7693572640419006
0.8572224378585815
1.0696827173233032
0.7109666466712952
0.9165557026863098
0.8343003392219543
0.8313551545143127
1.1812182664871216
0.7871792316436768
0.766106128692627
0.9000426530838013
1.0763739347457886
0.8432968258857727
1.0019147396087646
0.7852526307106018
0.7694550156593323
0.8343456983566284
0.8791247606277466
1.081573486328125
0.7723129391670227
0.6329958438873291
0.9200984239578247
0.822776734828949
0.7901751399040222
0.8497150540351868
0.7240747213363647
0.7393646836280823
0.7663350701332092
0.8618988394737244
0.7636367082595825
1.2477269172668457
0.7010065317153931
0.7719005942344666
0.8351741433143616
0.9030677080154419
0.6857878565788269
0.715739905834198
0.7368175983428955
0.8646236062049866
0.7532627582550049
0.6777976155281067
0.8996502757072449
0.7081382274627686
0.9307032823562622
0.7473887801170349
0.8606621623039246
0.9329954981803894
0.9164255857467651
0.9064671397209167
0.7695565819740295
0.8430996537208557
0.7895361185073853
0.9254687428474426
1.423531174659729
0.9507743120193481
0.7744682431221008
0.8416507840156555
0.8828333020210266
0.8367149233818054
0.8914905190467834
0.9835935235023499
0.8552621006965637
0.7632115483283997
0.7817912101745605
0.9256507158279419
0.8483011722564697
0.7662016749382019
0.8032901287078857
0.7178452610969543
0.7694331407546997
0.7157402634620667
0.8622426986694336
0.9137749075889587
0.8158210515975952
0.8554216623306274
0.8455859422683716
0.8491937518119812
0.7780318856239319
0.8250405192375183
0.8687440156936646
0.6274422407150269
0.811876118183136
0.7584391832351685
0.9913727641105652
1.0097852945327759
1.156860589981079
0.8416365385055542
1.4869893789291382
0.8635375499725342
0.7792453169822693
0.8044089078903198
0.9581587314605713
0.7358859181404114
0.7595360279083252
0.8464112877845764
0.6733759045600891
0.7737876176834106
0.8075936436653137
0.7379058599472046
0.7946633696556091
0.8410127758979797
0.93375164270401
0.7676514387130737
0.867099404335022
0.788874626159668
0.9146472215652466
0.8727362751960754
0.6932772397994995
0.7859009504318237
0.7265942096710205
1.0376445055007935
0.9271730780601501
0.7852644324302673
0.7454069256782532
0.7693766355514526
0.7973774075508118
0.970749020576477
0.8989371061325073
0.7385795712471008
0.9235833287239075
0.7764819264411926
1.2243791818618774
0.7063241600990295
0.8792597651481628
0.6972020268440247
0.6900387406349182
0.7921255826950073
0.9242789149284363
0.6755415797233582
0.8446140885353088
0.7479284405708313
0.7300094962120056
0.839896023273468
1.2181919813156128
0.7984758019447327
0.6515352725982666
0.9464537501335144
0.8166906237602234
0.9156139492988586
0.8060088157653809
0.8335740566253662
0.8346692323684692
0.8602387309074402
1.0608335733413696
0.7701232433319092
1.0582282543182373
0.7775084376335144
1.0755890607833862
0.8370205163955688
0.7504121661186218
0.908436119556427
0.8246793746948242
0.8072419762611389
1.0834962129592896
0.7461413145065308
0.8014136552810669
0.9761930108070374
0.9554749727249146
0.8116957545280457
0.7306734323501587
0.7559388875961304
0.777042806148529
0.7389177680015564
0.7483254671096802
0.6867584586143494
0.8544753193855286
0.7386614680290222
0.8547813892364502
0.9533620476722717
0.6836045384407043
0.9629439115524292
1.034488320350647
0.8531308174133301
0.8068554401397705
1.0246833562850952
0.9979313611984253
1.116052269935608
0.7807415127754211
0.8474652171134949
1.2299795150756836
0.8596356511116028
0.8473096489906311
0.7491284608840942
0.7316129803657532
0.8995042443275452
0.7133225202560425
1.370007038116455
0.8079000115394592
0.8337686657905579
0.9624982476234436
1.0398859977722168
0.8136266469955444
0.9667125344276428
0.9672436118125916
0.776707649230957
0.8019711375236511
0.8943338394165039
0.8418155312538147
0.9953755140304565
0.8054406046867371
0.7371864914894104
0.680016815662384
0.7928175926208496
0.7856612205505371
0.7531936764717102
0.7188438773155212
0.7155607342720032
0.8737571835517883
0.7975638508796692
0.8755565881729126
0.9328420758247375
0.6298544406890869
0.7656546235084534
0.793807327747345
0.7919352650642395
0.8386171460151672
1.2517277002334595
0.796113908290863
0.7325108647346497
1.265188217163086
0.7255273461341858
0.8047250509262085
0.8868754506111145
0.8597226738929749
0.8522416353225708
0.6559731364250183
0.548535168170929
0.9775259494781494
0.7597513198852539
0.8773589730262756
0.7855032086372375
1.1694066524505615
0.879008412361145
0.769332230091095
0.7928106188774109
0.8362606167793274
0.7508812546730042
0.7306101322174072
0.704797625541687
0.6968898177146912
0.8227657079696655
0.8182273507118225
0.8548519015312195
0.8726696372032166
1.0910754203796387
0.7785798907279968
0.9141237735748291
0.8719474077224731
0.9144702553749084
1.3117280006408691
0.7245528101921082
1.1016958951950073
0.7052696943283081
0.9057712554931641
0.7997687458992004
0.946527898311615
1.1192166805267334
0.7635086178779602
0.9356497526168823
0.7828226089477539
0.8205707669258118
0.7855320572853088
0.7737604379653931
0.7666289210319519
0.8273828625679016
0.7505304217338562
1.2327468395233154
0.8054426908493042
0.8844448328018188
0.8079121708869934
0.8283290863037109
0.9296743869781494
0.8015735745429993
1.0073639154434204
0.794099748134613
0.8442966938018799
0.8472763895988464
0.9262613654136658
0.760375440120697
0.997603714466095
0.7805694937705994
0.8046802282333374
0.7491756081581116
0.6968573927879333
0.8041979670524597
0.9598737359046936
0.8120719194412231
1.5567957162857056
0.7381053566932678
0.876879870891571
0.7728560566902161
0.7799345850944519
0.7155374884605408
0.8080976605415344
0.6860837340354919
0.7751440405845642
0.813061535358429
0.8365420699119568
0.7988060712814331
0.8510760068893433
1.0127904415130615
0.8409082293510437
0.8154600858688354
0.6901745200157166
0.9383350014686584
0.8534199595451355
0.893646240234375
0.7546829581260681
0.859795868396759
1.1449843645095825
0.7017285227775574
0.7872284054756165
0.8550899624824524
0.8262313008308411
0.8033376932144165
0.7921723127365112
1.2350431680679321
1.3536357879638672
0.8200567960739136
0.9364423751831055
1.0602823495864868
0.950577437877655
0.7515097260475159
0.7217894196510315
0.7318608164787292
0.8333661556243896
0.7511338591575623
1.065479040145874
0.9469740986824036
0.9949385523796082
0.7606251239776611
0.773979902267456
1.1174765825271606
1.3215574026107788
0.7147216200828552
0.7329339981079102
1.1291553974151611
0.7611407041549683
0.7860172390937805
0.7160730361938477
1.2726436853408813
0.85536789894104
0.833087146282196
1.04705011844635
0.7268288731575012
0.8166975975036621
0.7777812480926514
0.7960015535354614
0.7878327965736389
0.7263747453689575
0.8509012460708618
0.7641874551773071
1.0349031686782837
0.8528727889060974
0.7511666417121887
0.7912022471427917
0.8773333430290222
0.9575746655464172
0.9864398241043091
1.10599684715271
0.7006152272224426
0.6926929950714111
0.8113352656364441
0.83909672498703
0.8676020503044128
0.8887895345687866
0.8158184885978699
0.8593505024909973
0.7222824096679688
0.8632643818855286
1.2268915176391602
0.8420830965042114
0.7473986744880676
0.878709614276886
0.8818395137786865
0.7639358043670654
0.683914065361023
0.7693947553634644
0.8170027136802673
0.8492088317871094
0.8794971704483032
0.9528297781944275
0.6687505841255188
0.8174542188644409
0.7768431901931763
1.144583821296692
0.7865233421325684
0.7966458201408386
0.7352856993675232
0.8280567526817322
0.669549286365509
0.6349213123321533
0.9393327832221985
0.691148579120636
0.8101468682289124
0.8697993159294128
0.7766628265380859
0.6789995431900024
1.0702491998672485
0.9544022083282471
0.9963238835334778
1.284712314605713
0.7791978120803833
0.9967392086982727
0.7623581886291504
0.7886874079704285
0.8524735569953918
0.8982971906661987
0.7917518019676208
0.7375023365020752
1.5193703174591064
0.8225007057189941
0.8774182200431824
0.7398708462715149
0.8578187227249146
0.8001568913459778
0.9599287509918213
0.8003802299499512
0.7758969664573669
0.638281524181366
0.7240684628486633
0.7846498489379883
0.8780287504196167
0.796286404132843
0.8881915211677551
0.7946737408638
0.8878727555274963
0.9808364510536194
1.0192599296569824
1.0993655920028687
0.9533172249794006
0.8485758304595947
0.9436355233192444
0.6744674444198608
0.8550682663917542
0.825204610824585
0.9816386103630066
0.8886568546295166
0.816844642162323
0.8941683173179626
0.8276965022087097
0.8660138249397278
0.8526602983474731
0.7481396794319153
0.8434291481971741
0.8124164938926697
0.8134130835533142
0.7110375761985779
0.6930145621299744
0.9142153263092041
0.8956624269485474
0.830323338508606
1.2015281915664673
0.6913033723831177
1.2028266191482544
0.8491161465644836
0.8811619877815247
0.6898925304412842
0.8343647718429565
1.1152019500732422
1.0050244331359863
0.717117190361023
0.8393256664276123
0.8742167353630066
0.7363917231559753
0.8805602192878723
1.0856075286865234
0.8258277177810669
0.8138721585273743
0.8416740298271179
1.0003563165664673
0.6838685870170593
0.7817133665084839
0.7639698386192322
0.716709554195404
0.7668269276618958
0.9308333992958069
0.7093880772590637
0.8927395939826965
0.7377086877822876
0.7644747495651245
0.9511894583702087
0.7400754690170288
0.8622509837150574
0.8379671573638916
0.8296509385108948
0.8112478256225586
0.7766684293746948
0.7205314040184021
0.7799202799797058
0.896973192691803
1.0229227542877197
0.9191659092903137
0.747521698474884
0.7997624278068542
0.8124642968177795
0.8082699179649353
0.8141002655029297
0.9807304739952087
0.7908512353897095
0.7034846544265747
0.803839921951294
0.7774766087532043
1.1230512857437134
0.7421547770500183
0.7595694661140442
0.725999116897583
0.8185341358184814
1.0575510263442993
0.743351399898529
0.8621809482574463
0.6700031757354736
0.7540259957313538
1.164160966873169
1.2216311693191528
0.9662140011787415
0.6843344569206238
0.9630218148231506
0.8232282996177673
0.8490371704101562
1.1981892585754395
0.952820897102356
0.9930994510650635
0.87985759973526
0.7655848264694214
0.7852850556373596
0.9283363819122314
0.8714590072631836
0.8615824580192566
0.8146376609802246
1.1802335977554321
0.8821147084236145
0.9412854313850403
0.7793424725532532
0.7594841718673706
0.6814044117927551
0.8611228466033936
1.2135106325149536
0.7242838740348816
0.7951710224151611
0.7439081072807312
0.751573383808136
0.8304722905158997
0.8071613311767578
0.745630145072937
0.7833257913589478
0.7848491668701172
1.0367317199707031
1.2535165548324585
0.8140915036201477
0.8820561170578003
0.7746175527572632
0.6231670379638672
0.7843290567398071
0.735722005367279
1.0626680850982666
0.798147439956665
1.0499131679534912
0.9986250400543213
0.8298031687736511
0.8381590247154236
0.760506272315979
0.8182852864265442
0.8619047403335571
0.8294550180435181
1.1331229209899902
0.85847008228302
0.8647082448005676
0.7956477403640747
0.822056233882904
0.7295716404914856
0.8389079570770264
1.2443710565567017
0.8931811451911926
0.7526125311851501
1.0049054622650146
0.5111179947853088
0.835871160030365
0.7718115448951721
0.929549515247345
0.8507366180419922
0.6957595944404602
0.7106204032897949
0.7421516180038452
0.8118678331375122
0.8109839558601379
0.8617104291915894
0.8387553095817566
0.8921790719032288
0.8910731077194214
1.0920486450195312
0.7052041292190552
0.7126110792160034
0.8126174211502075
0.8265034556388855
0.755628228187561
0.7568172216415405
0.8371235728263855
0.7861841320991516
0.6696299314498901
1.0043364763259888
0.9934461712837219
0.7798617482185364
1.1093991994857788
1.0568679571151733
0.7325682640075684
0.8395863771438599
0.848357617855072
0.8024353384971619
0.8312175869941711
0.6556167602539062
1.0841238498687744
0.7855234742164612
0.721058189868927
0.7897266745567322
0.8001626133918762
0.998826801776886
0.7681253552436829
0.7333638072013855
0.8938354849815369
0.8861476182937622
0.842162549495697
0.7494969367980957
0.827855110168457
1.0557136535644531
0.7568753361701965
0.745286226272583
1.455424427986145
0.9526081085205078
0.8653249144554138
0.728709876537323
0.6989109516143799
0.7694720029830933
0.7415230870246887
0.8249902725219727
0.7005947232246399
1.268855094909668
0.7571710348129272
0.8367084860801697
0.805188775062561
0.6682836413383484
0.6370216608047485
0.8266946077346802
0.8699253797531128
0.7724040150642395
1.0507192611694336
1.0897516012191772
0.9439926147460938
0.8347958922386169
0.8352782726287842
0.803084671497345
0.8511219620704651
1.0961064100265503
0.9136517643928528
0.8037224411964417
0.9871417284011841
1.140566349029541
0.7765066623687744
0.7613237500190735
1.034991979598999
0.8790186047554016
1.1843185424804688
0.7176138758659363
0.8334354758262634
0.8079116940498352
1.0747060775756836
0.681079089641571
0.7512288689613342
0.7733051180839539
1.0355839729309082
0.8190414309501648
0.9303639531135559
0.8939220905303955
0.8717239499092102
0.7852531671524048
0.7710078358650208
0.7175942659378052
0.686555027961731
0.6937968134880066
0.7720696330070496
0.7378175854682922
0.9224526286125183
1.1086333990097046
0.7936259508132935
1.0239472389221191
0.743035614490509
0.7849650979042053
0.8812454342842102
0.8146986365318298
0.743732750415802
0.8632644414901733
0.9778002500534058
0.6785614490509033
1.0950640439987183
0.8296322822570801
0.8717133402824402
1.0383565425872803
0.7796030044555664
1.0768307447433472
0.9038106203079224
0.9096840023994446
0.9543894529342651
0.7419922351837158
0.7292694449424744
0.6965925693511963
0.8415371775627136
0.8919861912727356
1.691904902458191
0.8802905678749084
0.7476255297660828
0.7618595957756042
0.9241592884063721
0.6505790948867798
0.8957878947257996
0.8274105191230774
0.8469210863113403
1.1222013235092163
0.891674280166626
0.8577784299850464
0.826705276966095
0.798363983631134
0.8991228938102722
0.7951890826225281
0.96478271484375
0.995718240737915
0.9079329371452332
1.0400654077529907
0.855433464050293
0.7819092869758606
0.814786970615387
0.7316306233406067
0.8289116024971008
0.945216953754425
0.7777255177497864
0.7624600529670715
0.7579705715179443
0.8744442462921143
0.738214910030365
0.6626535654067993
0.7084561586380005
0.8267921805381775
0.8918049335479736
1.0327794551849365
1.1984878778457642
0.775371789932251
0.7628437876701355
0.8596960306167603
0.7585806250572205
0.8404420018196106
0.8199847936630249
0.9452904462814331
0.7655863165855408
0.7991477847099304
0.9791545867919922
1.0580264329910278
1.133660912513733
1.1821839809417725
0.8511857390403748
0.728110134601593
0.9811176657676697
0.770834743976593
0.7487252950668335
0.8720976710319519
0.8451020121574402
0.9714964032173157
0.8674052357673645
0.7720804214477539
0.7943246960639954
0.8810357451438904
0.7693268060684204
0.6990299224853516
1.2275208234786987
0.7153709530830383
0.687695324420929
0.7817705273628235
0.7608277797698975
1.0484148263931274
0.8037572503089905
0.7339870929718018
0.8312199115753174
0.8017672300338745
0.9166315197944641
0.7707586288452148
0.8116020560264587
0.9434037804603577
0.8807810544967651
0.8429750204086304
0.7051082253456116
0.8704434037208557
0.8990253806114197
0.7715789675712585
0.739452600479126
0.7646887302398682
1.077354073524475
0.8543024063110352
0.8172077536582947
0.7224135994911194
0.9543236494064331
0.7335081100463867
1.0136064291000366
0.7844175696372986
1.4084868431091309
0.7719366550445557
0.8009851574897766
0.9906304478645325
0.9588144421577454
0.972986102104187
0.8268605470657349
0.7793333530426025
0.7999708652496338
0.7261301875114441
0.7778833508491516
0.6558040976524353
0.8010833859443665
0.7913634181022644
0.795188844203949
0.735534131526947
0.7824066877365112
0.932275652885437
0.8220224380493164
0.9112646579742432
0.7888883948326111
1.1290555000305176
0.79422527551651
1.4796407222747803
0.782339870929718
0.7551961541175842
0.9101797938346863
0.8207802176475525
0.8981598615646362
0.904872477054596
1.2522026300430298
0.6996113657951355
0.7727516293525696
0.6647570729255676
0.7875341176986694
0.7279925346374512
0.7632704973220825
0.973408579826355
0.7848837971687317
0.8441445231437683
0.8131384253501892
0.6858651638031006
0.7355112433433533
1.0264697074890137
0.822875440120697
0.816075325012207
0.7799555063247681
0.7753394246101379
0.7690448760986328
0.738885223865509
0.8320043683052063
0.7625569105148315
0.6967757344245911
0.7394140958786011
0.9335991740226746
1.0162173509597778
0.9447826743125916
1.1823370456695557
0.7421241402626038
0.7941134572029114
0.8436315655708313
0.9623327255249023
0.7647766470909119
0.8343678712844849
0.7852514386177063
1.0288716554641724
0.731238067150116
0.9123597741127014
0.8269392848014832
0.7925309538841248
0.690576434135437
0.686145544052124
0.8388741612434387
0.7199955582618713
0.8563830852508545
0.9553268551826477
0.7041754722595215
0.7928371429443359
0.8723818063735962
0.998159646987915
0.8825222849845886
0.8929905295372009
0.9305400848388672
0.7016142010688782
0.8877156376838684
0.831445574760437
0.7360970377922058
1.1895809173583984
0.897760808467865
0.7466142773628235
1.0209978818893433
1.0838539600372314
0.6869320273399353
0.7754584550857544
0.9633249640464783
0.9607409238815308
0.8186318278312683
0.9233090281486511
0.5698904395103455
0.7712023854255676
0.7623208165168762
1.0212355852127075
0.9217032194137573
0.7321041226387024
0.8851161599159241
0.875639796257019
0.89616459608078
1.04240083694458
0.7133241295814514
0.9189120531082153
0.7498961687088013
0.9826639294624329
0.6953456997871399
0.7828099131584167
0.9480630159378052
0.8288794159889221
0.6988433003425598
0.6751924753189087
0.8523455858230591
0.9922192692756653
0.8409236073493958
1.1066826581954956
0.7271463871002197
0.7738852500915527
0.8296471834182739
0.9340072274208069
0.7065538763999939
1.1035230159759521
0.921413004398346
0.9288185238838196
0.8368138670921326
0.7280206680297852
1.2655279636383057
0.7365222573280334
1.296947956085205
0.7478808164596558
0.8864758610725403
0.8268383741378784
1.0751440525054932
0.9470975995063782
0.8910762071609497
0.7764394879341125
0.9658253192901611
0.8286839723587036
0.779316246509552
0.7489048838615417
0.7752792835235596
1.0933560132980347
1.044403076171875
0.8868443369865417
0.934173583984375
0.7319684028625488
0.8323236107826233
0.7741796970367432
0.883764386177063
1.12473464012146
0.9555872678756714
0.7295153737068176
0.8426955938339233
0.6901606321334839
0.9404712319374084
0.6960732340812683
0.7815113067626953
0.8493781685829163
1.2983593940734863
0.9073155522346497
0.8154930472373962
0.7106068730354309
0.8224098682403564
1.0406489372253418
1.234750747680664
0.6921958923339844
0.7434380650520325
0.7760968804359436
0.7453746795654297
0.853413462638855
0.7031697034835815
0.8808577656745911
0.8395913243293762
0.9654746651649475
0.9515932202339172
1.0061359405517578
0.8324310779571533
0.9052435755729675
0.6479658484458923
0.8450185060501099
0.8756752014160156
0.7754842042922974
0.8300671577453613
0.8004816174507141
0.8084069490432739
0.8133149147033691
0.7334054708480835
1.144835352897644
0.7939207553863525
0.8957323431968689
0.8033050894737244
0.6215956211090088
0.8642817735671997
0.9007105231285095
0.6953928470611572
0.8041085004806519
0.8804046511650085
0.9283285140991211
0.8469898700714111
0.7514198422431946
0.7939844131469727
0.8876563906669617
1.0071794986724854
0.7922512888908386
0.7185023427009583
0.973562479019165
0.8130512237548828
0.7451789975166321
0.880222499370575
0.776057779788971
0.7812260389328003
0.7876755595207214
0.8207677006721497
0.8128045201301575
0.8413538336753845
1.1780892610549927
0.7629093527793884
0.8767555356025696
0.8751885890960693
1.0274380445480347
0.8294393420219421
1.0490068197250366
0.73429936170578
0.8395784497261047
0.9934253692626953
0.748022198677063
0.7833197116851807
0.863209068775177
0.8327277302742004
0.7731987237930298
0.812150776386261
0.6250552535057068
0.8833840489387512
1.0908615589141846
0.7771285176277161
0.8022421002388
0.7685955762863159
0.7132648229598999
1.075575828552246
0.9416035413742065
0.7532233595848083
0.6557110548019409
0.6957942247390747
0.6946342587471008
0.9183326363563538
0.9537671208381653
0.8107921481132507
0.750950813293457
0.7029121518135071
0.7406923770904541
0.8611260652542114
1.1088652610778809
0.8360598683357239
0.7953017354011536
0.7897305488586426
1.313568115234375
0.8924279808998108
0.7779486179351807
0.903203547000885
1.3018850088119507
0.7868526577949524
1.0200055837631226
0.9735586643218994
1.022674322128296
1.027315378189087
1.359243392944336
0.8681440353393555
1.034125566482544
0.8483185172080994
0.8655255436897278
0.853967010974884
1.0050660371780396
0.7866155505180359
1.153282642364502
0.7442619800567627
1.0536390542984009
0.7811291813850403
1.1589409112930298
0.8216635584831238
0.774769127368927
0.8630354404449463
0.9608677625656128
0.8112877607345581
0.791228175163269
0.7331950068473816
0.730802059173584
1.0814800262451172
0.7945250272750854
0.8295687437057495
0.7959727644920349
1.3383601903915405
1.2444913387298584
0.8702505826950073
0.859795093536377
1.261810302734375
0.7320311665534973
1.1241071224212646
0.8512223362922668
0.5052924752235413
0.9447804689407349
0.8595033288002014
0.8181836009025574
0.8851332664489746
0.8134304881095886
0.8370752334594727
0.8701627850532532
0.9338749647140503
0.8321043252944946
0.7197020649909973
0.8670652508735657
0.7878510355949402
0.8929187059402466
0.8488937020301819
0.8961065411567688
0.8535929918289185
1.044960618019104
0.7455604672431946
0.897054135799408
0.9851981401443481
0.6792553663253784
0.770025372505188
0.7362462878227234
0.6675238013267517
1.2170344591140747
1.0319082736968994
0.9066811800003052
0.731908917427063
0.869266927242279
0.954169511795044
0.8816368579864502
0.7925581932067871
1.133570909500122
1.0607270002365112
0.6341447830200195
0.8665220737457275
0.8797350525856018
1.1234925985336304
0.8345097899436951
1.1916528940200806
1.018993616104126
0.6836832165718079
0.904769778251648
0.8920877575874329
0.7613723874092102
1.743508219718933
0.7529091238975525
0.8193195462226868
0.6608710885047913
0.8991466164588928
1.2373197078704834
0.9536486864089966
0.9860368371009827
0.7834756374359131
0.7064277529716492
0.8796405792236328
0.8304071426391602
0.7679483890533447
0.7729446887969971
0.7820488810539246
0.8801187872886658
0.7935376167297363
1.1414726972579956
0.7607944011688232
0.8314681649208069
0.8897102475166321
1.0435874462127686
0.8390290141105652
0.7938385009765625
0.7971651554107666
0.852936863899231
0.8011580109596252
0.7141715288162231
0.6982121467590332
0.769383430480957
0.6361719369888306
1.0107189416885376
0.8807119727134705
0.8941896557807922
0.87088942527771
0.7990216016769409
0.7891860604286194
0.8340038061141968
0.7548690438270569
0.9896038174629211
0.9614734649658203
0.8095758557319641
0.6724536418914795
1.0511127710342407
0.8762316107749939
1.1713311672210693
0.8771618008613586
0.7472642064094543
0.8522834181785583
0.8741551041603088
1.1603761911392212
0.8560916185379028
0.8013628125190735
0.9156258702278137
0.7747094035148621
0.9057403206825256
0.8336336612701416
0.796210527420044
0.814073383808136
0.7290717959403992
0.8033571243286133
0.8823273777961731
0.8924304246902466
0.7621224522590637
0.8400532007217407
0.7663965225219727
0.8799521327018738
0.7628337144851685
0.9784111380577087
0.7337111234664917
0.7849891185760498
0.8426905870437622
1.2769209146499634
0.825612485408783
0.837068498134613
0.8479459881782532
1.3511571884155273
0.7380357980728149
0.8326327204704285
0.808699905872345
0.8246418833732605
1.0782519578933716
1.1925500631332397
0.9825242161750793
0.7369261980056763
0.7683545351028442
0.7451974749565125
0.8460883498191833
0.9227497577667236
0.8822394609451294
0.8070712685585022
0.8322327136993408
0.7641488313674927
0.9095574617385864
0.7752388119697571
0.76338791847229
0.7233806252479553
1.0936630964279175
0.8587521314620972
0.8116370439529419
0.8119099736213684
0.8362477421760559
0.89070725440979
0.7996038198471069
0.7349361777305603
0.8178291320800781
0.8050264120101929
0.9097384214401245
0.7588347792625427
0.7774527668952942
0.8702107667922974
1.123189091682434
1.0167509317398071
0.8165985941886902
0.7849393486976624
0.7823684811592102
0.7551039457321167
0.8727554678916931
0.9542980194091797
1.1511337757110596
0.8576539754867554
0.9788901209831238
0.8210495710372925
1.2006772756576538
0.7658104300498962
0.6744958758354187
0.7820982933044434
0.5361359715461731
0.7953368425369263
0.8749599456787109
0.9679896235466003
0.8264094591140747
0.7817205786705017
1.06328284740448
1.0813363790512085
0.7156062126159668
0.7801395058631897
0.8179381489753723
1.151380181312561
0.8419120907783508
0.7726063132286072
0.8868749737739563
0.8105093836784363
0.9156559705734253
0.7927849292755127
0.7606000900268555
0.780680775642395
0.7012510299682617
0.8241801857948303
0.6894006729125977
0.7411289215087891
1.0948227643966675
0.7304380536079407
0.762380063533783
0.7446761727333069
0.8147900700569153
0.7724869847297668
0.9784402847290039
0.7371785044670105
0.749362051486969
0.8240031003952026
0.9275103807449341
0.7564212083816528
0.6725469827651978
0.8261411190032959
0.8326107859611511
0.7132613062858582
0.8457377552986145
0.9032999873161316
0.6465922594070435
0.9968013763427734
0.8117358088493347
0.6605178117752075
0.7882077097892761
0.7284209132194519
0.7794529795646667
0.9696812033653259
1.1343400478363037
0.8785131573677063
0.8797371983528137
0.764632523059845
0.8809497952461243
0.7243807315826416
0.7828303575515747
0.8702738285064697
0.7213250398635864
1.0416178703308105
0.9050269722938538
0.6757279634475708
0.6469426155090332
0.8870594501495361
0.8504510521888733
0.9132248759269714
0.802298367023468
0.8219754099845886
0.7572024464607239
0.6918933391571045
0.8983505368232727
1.0215492248535156
0.9583523869514465
1.0627113580703735
0.6341466903686523
0.681135356426239
0.7527870535850525
0.7429184317588806
0.7122452259063721
0.8578944802284241
0.7681037187576294
0.702418863773346
0.9241735935211182
0.9227264523506165
0.6301402449607849
0.7430548071861267
0.7012921571731567
0.9045001268386841
0.7615143656730652
0.8788679242134094
0.7967931628227234
0.8324885964393616
0.967520534992218
0.9789267778396606
0.755691647529602
0.7094782590866089
0.8693894147872925
1.294739007949829
1.083304762840271
0.757868230342865
0.8572665452957153
0.9279293417930603
1.0132451057434082
0.9158612489700317
0.7727430462837219
0.8113490343093872
0.7665985226631165
0.8448948264122009
0.7668176293373108
0.7541600465774536
0.8088433146476746
0.9890661239624023
1.0157496929168701
0.8380393981933594
1.298675537109375
0.8107901811599731
0.7568880915641785
0.8840822577476501
0.7988777756690979
0.7250010371208191
0.7389549016952515
0.9259189963340759
0.8948952555656433
0.6740218997001648
0.8281916379928589
1.187519907951355
0.8908196687698364
0.8819928765296936
0.7752156257629395
0.810729444026947
0.8103531002998352
0.8768959045410156
0.7047557234764099
0.8673982620239258
0.9873591661453247
0.8765867948532104
0.8958151340484619
0.8680599331855774
0.784246027469635
1.9247938394546509
1.0560959577560425
0.7085326910018921
0.8754866123199463
1.0063467025756836
0.9424999952316284
0.8623144626617432
0.8578827977180481
0.7156521677970886
0.9138949513435364
0.8099425435066223
0.8697622418403625
0.8188338875770569
0.7534974217414856
1.120233178138733
0.8336442112922668
0.9231690168380737
0.9004641771316528
0.9371366500854492
0.8027856945991516
0.7811196446418762
1.2235175371170044
0.8490421175956726
1.0626261234283447
0.8731651306152344
0.9463112354278564
0.9492838978767395
1.2451671361923218
0.860302746295929
1.4761910438537598
0.7935793995857239
0.7311990857124329
0.8310732841491699
0.7843214869499207
0.7624635696411133
0.8777962923049927
0.7332732081413269
0.7830726504325867
0.6991629004478455
0.8061363697052002
0.8661847710609436
0.785096287727356
0.8280742764472961
0.9072273373603821
0.8859549760818481
0.6988051533699036
0.7769135236740112
0.7036778330802917
0.7598342895507812
0.9672134518623352
0.7490291595458984
0.7677696347236633
0.7824199795722961
0.7835867404937744
0.8925788998603821
0.8674464821815491
0.7887497544288635
0.7352402210235596
0.904870331287384
0.727575957775116
0.7991892695426941
0.7304413914680481
0.863720178604126
0.8746774792671204
0.728630542755127
0.9024651050567627
0.7556612491607666
1.375381588935852
0.920991063117981
0.8259043097496033
0.8541973233222961
0.8325827717781067
0.9240292310714722
0.8827041983604431
0.7515566349029541
0.7709429264068604
0.9004294276237488
0.7330988645553589
0.7670800089836121
0.7959601283073425
0.7897896766662598
0.7306774854660034
0.8554427027702332
0.8665511012077332
0.7490919232368469
0.826606035232544
0.9285734295845032
0.7590816020965576
0.8281227946281433
0.7401368618011475
0.8225849270820618
0.8081207275390625
0.6743662357330322
0.8252703547477722
0.7358382344245911
0.7369416356086731
0.9551236033439636
0.8492282032966614
0.7490005493164062
0.7144588828086853
1.0085610151290894
0.9265658259391785
0.7885311245918274
0.788199245929718
0.7435162663459778
0.7399402260780334
1.117759108543396
0.8977711200714111
0.6806941628456116
1.0143519639968872
0.9637688398361206
0.7805371880531311
0.8190140128135681
0.6710222363471985
0.785391092300415
0.900166392326355
0.9254616498947144
0.8264464139938354
0.7659761905670166
0.7406380772590637
0.7063119411468506
0.7449175119400024
0.6998124718666077
0.7662542462348938
0.8802688717842102
0.8914760947227478
0.8192243576049805
0.7342559099197388
0.9203987121582031
0.7991172671318054
0.9432107210159302
0.9477594494819641
0.749613881111145
0.6673014163970947
0.7916472554206848
0.8356850743293762
0.7503875494003296
0.8001704812049866
0.6893910765647888
0.876063883304596
0.7795796394348145
0.8018836975097656
0.7969141006469727
0.8162403702735901
0.6014041900634766
0.7464962005615234
0.7981654405593872
0.7324107885360718
0.8539183139801025
1.258700966835022
0.9149399995803833
0.8044946789741516
0.6515313982963562
0.8523266315460205
0.8812071681022644
1.2492650747299194
0.7545974254608154
1.020029902458191
0.7726107835769653
0.7963116765022278
0.7362698316574097
0.7327271103858948
1.5126621723175049
1.2549601793289185
0.8945522308349609
0.8261719942092896
0.9067403078079224
0.8595612645149231
0.8354478478431702
0.7426367402076721
0.7247644066810608
0.758871853351593
0.8707150220870972
1.4073094129562378
0.9218754172325134
0.8866846561431885
0.8248587846755981
0.7247298359870911
0.7683804631233215
0.7950646281242371
0.8490612506866455
1.1975669860839844
1.054772973060608
0.7702776789665222
0.7243348360061646
1.0399433374404907
1.8325386047363281
0.7617690563201904
0.7936790585517883
0.8184880614280701
0.8313139081001282
0.806565523147583
1.1085916757583618
0.8170032501220703
0.7338517904281616
0.8186319470405579
0.6744677424430847
0.9039639234542847
0.8031991124153137
0.8666196465492249
0.819311797618866
0.8118562698364258
0.7771576642990112
0.6840304136276245
0.7486488819122314
0.7759908437728882
0.7547710537910461
0.7278776168823242
0.9115496873855591
0.8552689552307129
0.7563164830207825
0.7839694619178772
0.7889406681060791
0.8281342387199402
0.7557905316352844
0.9950295686721802
0.9069029688835144
0.7342609763145447
1.1630297899246216
0.9933621287345886
0.9609397053718567
1.0713670253753662
0.8632323145866394
0.9557828903198242
0.863932192325592
0.8848913908004761
0.7936855554580688
0.7724355459213257
0.7975814342498779
0.745363175868988
1.080588459968567
0.7090102434158325
0.8083896636962891
1.0230642557144165
0.8602447509765625
0.9074510931968689
0.70274418592453
0.7208783626556396
0.8666282296180725
0.8466477990150452
0.8628212809562683
0.8650125861167908
0.9093350172042847
0.9526299238204956
0.8015756607055664
0.7450960278511047
0.8012580871582031
0.8073016405105591
0.7744970321655273
0.7316858768463135
0.8890135288238525
1.0765317678451538
0.8134779930114746
0.7624672055244446
0.7531827688217163
0.7612509727478027
0.9041212201118469
0.7763394117355347
0.8415758609771729
0.8557842969894409
1.0471587181091309
0.7771773934364319
1.087467908859253
0.8135368227958679
0.6969364285469055
0.8058891892433167
0.7644452452659607
0.7482878565788269
0.7741808295249939
0.8374873399734497
0.8190374970436096
0.7809298634529114
0.9618148803710938
1.0433837175369263
0.9347771406173706
1.0768040418624878
0.8721949458122253
0.7577298283576965
0.7862874865531921
0.9042956233024597
0.7538712024688721
0.8762692809104919
1.3198751211166382
1.1026273965835571
0.7782864570617676
0.7554262280464172
0.8376813530921936
0.8257162570953369
1.194435954093933
0.8156325221061707
0.8208013772964478
0.9340314865112305
0.7423216700553894
1.0245567560195923
0.7762171626091003
0.7711156606674194
0.7967214584350586
0.7763469219207764
0.7884505987167358
0.6463974118232727
0.7342106699943542
0.8017250895500183
0.9324122667312622
0.715194582939148
0.7968605756759644
0.7742915749549866
0.8861539959907532
1.058349370956421
1.0242620706558228
1.0669426918029785
0.8036003708839417
0.8685708045959473
0.8162554502487183
0.77492356300354
0.8417646884918213
0.8445715308189392
1.0081812143325806
0.8055481910705566
0.761029064655304
0.7500092387199402
0.9347644448280334
0.7709987163543701
1.2170921564102173
0.8433621525764465
0.8026259541511536
0.815258800983429
0.8280780911445618
1.508052945137024
1.0033231973648071
0.915252685546875
0.918513834476471
0.7996158599853516
1.2665742635726929
0.7234013080596924
0.9407467246055603
0.7769415974617004
0.7352557182312012
0.6914085745811462
0.7643983960151672
0.8372861742973328
0.8423441052436829
0.946659505367279
0.7647532224655151
0.8171252012252808
0.7754709720611572
0.7683411836624146
0.6403940916061401
0.7829645276069641
0.7965877652168274
0.8482474088668823
0.8409827947616577
0.7428299784660339
0.7004082798957825
0.8629570007324219
0.8098177313804626
0.6135387420654297
1.2070960998535156
