0.4386742413043976
2.940016031265259
1.5281480550765991
6.274052619934082
1.3973760604858398
0.6394838094711304
1.283340334892273
0.7596461176872253
0.4015507102012634
0.4010184705257416
0.3034275770187378
0.36666831374168396
0.6692363619804382
0.39782199263572693
0.24335484206676483
0.45332029461860657
0.29173189401626587
0.2146952748298645
0.1901458352804184
0.29048511385917664
0.5454314947128296
0.49082449078559875
0.792166531085968
0.5123327374458313
0.41298919916152954
0.30906593799591064
0.19451755285263062
0.25066447257995605
0.2280881553888321
0.2408520132303238
0.42656412720680237
0.3902471363544464
0.28223589062690735
0.25466036796569824
0.2815133035182953
0.3735794723033905
0.21332088112831116
0.22906824946403503
0.21481317281723022
0.23805558681488037
0.3409850597381592
0.35157254338264465
0.21215124428272247
0.24080051481723785
0.26383495330810547
0.3185538053512573
0.19168560206890106
0.16213247179985046
0.16168013215065002
0.18862968683242798
0.2287621647119522
0.1469825655221939
0.35317710041999817
0.32879626750946045
0.505393385887146
0.30272969603538513
0.22595205903053284
0.32813888788223267
0.19477659463882446
0.20791535079479218
0.1923605054616928
0.26204508543014526
0.18701523542404175
0.1755269318819046
0.21008487045764923
0.2394382804632187
0.20677128434181213
0.31626778841018677
0.21572397649288177
0.22298036515712738
0.1761144995689392
0.3222372829914093
0.28449147939682007
0.22716987133026123
0.2418842762708664
0.21382521092891693
0.3061809241771698
0.17917442321777344
0.24240131676197052
0.17499102652072906
0.2844744324684143
0.22684790194034576
0.22862058877944946
1.2418005466461182
0.4598100483417511
0.3633241355419159
0.2327738106250763
0.19727009534835815
0.3429640531539917
0.2142525166273117
0.18693804740905762
0.23542246222496033
0.4114567041397095
0.20006893575191498
0.19044819474220276
0.21852633357048035
0.2073090523481369
0.15086358785629272
0.3381914794445038
0.22835767269134521
0.2998616397380829
0.18198858201503754
0.20648550987243652
0.23054414987564087
0.24198593199253082
0.20645780861377716
0.3558076024055481
0.28044721484184265
0.21357712149620056
0.1960478276014328
0.3065221309661865
0.27098339796066284
0.13462872803211212
0.208197221159935
0.1721237748861313
0.16324849426746368
0.2917599380016327
0.2541401982307434
0.23783384263515472
0.24352410435676575
0.22743919491767883
0.17057156562805176
0.20394255220890045
0.23594854772090912
0.25874415040016174
0.2613702714443207
0.1695740520954132
0.31473466753959656
0.21594171226024628
0.17807143926620483
0.2056523561477661
0.20410050451755524
0.20533806085586548
0.21254102885723114
0.215646430850029
0.44634267687797546
0.37228086590766907
0.21101981401443481
0.16625630855560303
0.26804080605506897
0.20331990718841553
0.15843762457370758
0.18743102252483368
0.15142597258090973
0.4688415825366974
0.23874537646770477
0.2449903041124344
0.3193146586418152
0.18867094814777374
0.18824033439159393
0.20443516969680786
0.26131609082221985
0.2656591832637787
0.30439338088035583
0.3186282217502594
0.46960151195526123
0.4441676437854767
0.23111245036125183
0.4171476662158966
0.2526100277900696
0.2457277625799179
0.19411271810531616
0.17463895678520203
0.1731303483247757
0.24507416784763336
0.284361332654953
0.2102462649345398
0.14582926034927368
0.14374294877052307
0.19566094875335693
0.18765167891979218
0.2792493999004364
0.1781286895275116
0.200020432472229
0.2415395975112915
0.22618643939495087
0.39541831612586975
0.2584303021430969
0.4067446291446686
0.18714867532253265
0.18618251383304596
0.15960575640201569
0.16752874851226807
0.18436798453330994
0.26467183232307434
0.22690890729427338
0.28383389115333557
0.2524542808532715
0.13837893307209015
0.13464471697807312
0.1581047773361206
0.2962915301322937
0.2013663798570633
0.22060035169124603
0.16296936571598053
0.1671699732542038
0.3405511677265167
0.3850988745689392
0.183773934841156
0.17418543994426727
0.19739297032356262
0.26402947306632996
0.20426423847675323
0.2700546383857727
0.20340801775455475
0.1823536604642868
0.2665717601776123
0.20940691232681274
0.2963113486766815
0.31578877568244934
0.29921960830688477
0.21678097546100616
0.21210618317127228
0.203194722533226
0.19492925703525543
0.2760431170463562
0.1737058311700821
0.2705594301223755
0.20499201118946075
0.2314017415046692
0.2159944772720337
0.1834259033203125
0.3290838897228241
0.24810029566287994
0.1891309767961502
0.2976277768611908
0.26041990518569946
0.3113332688808441
0.2508924603462219
0.33167606592178345
0.27693885564804077
0.1931435763835907
0.22390496730804443
0.20455163717269897
0.2311994582414627
0.2632710337638855
0.17699699103832245
0.19037048518657684
0.19153869152069092
0.15367567539215088
0.17190811038017273
0.19419100880622864
0.25463807582855225
0.17104250192642212
0.12456222623586655
0.18298791348934174
0.16779693961143494
0.3122793138027191
0.20322442054748535
0.20944559574127197
0.18637493252754211
0.21637052297592163
0.19511820375919342
0.1566781848669052
0.19135266542434692
0.18191304802894592
0.1651623547077179
0.1253378838300705
0.2040187418460846
0.30362260341644287
0.20796480774879456
0.35273754596710205
0.20849032700061798
0.1861223429441452
0.1890978217124939
0.2202560156583786
0.22829769551753998
0.23456741869449615
0.29803362488746643
0.14728157222270966
0.15872015058994293
0.16551080346107483
0.1236007884144783
0.46457594633102417
0.30440273880958557
0.2914818823337555
0.12863360345363617
0.1674615889787674
0.1536117047071457
0.3167799413204193
0.24844560027122498
0.3480693995952606
0.2242586314678192
0.31170591711997986
0.1964716613292694
0.15568560361862183
0.1808486431837082
0.1858454793691635
0.13570277392864227
0.2987724542617798
0.3119039535522461
0.25789976119995117
0.21819807589054108
0.2401018738746643
0.15518353879451752
0.14802555739879608
0.18650564551353455
0.18161267042160034
0.12986250221729279
0.2603152394294739
0.2027204930782318
0.14364217221736908
0.23362044990062714
0.20382124185562134
0.23916848003864288
0.13707038760185242
0.2019171416759491
0.18533740937709808
0.2091248333454132
0.13552245497703552
0.22421663999557495
0.3143189251422882
0.1898399442434311
0.20291000604629517
0.21548907458782196
0.32196342945098877
0.1558656543493271
0.24516727030277252
0.2835582494735718
0.17374414205551147
0.40719473361968994
0.28681668639183044
0.21030129492282867
0.16055454313755035
0.3535674810409546
0.19568605720996857
0.34566912055015564
0.1730109304189682
0.373836874961853
0.13142791390419006
0.15074826776981354
0.12114664167165756
0.12895342707633972
0.13566343486309052
0.1298191100358963
0.3427741527557373
0.1341313272714615
0.24852760136127472
0.17314696311950684
0.3063977360725403
0.25224170088768005
0.1808992177248001
0.1611403524875641
0.2732981741428375
0.15169228613376617
0.23919527232646942
0.11668837815523148
0.21350854635238647
0.22393399477005005
0.17626306414604187
0.15476413071155548
0.15749523043632507
0.16516323387622833
0.2669859230518341
0.2624765932559967
0.3732741177082062
0.17113906145095825
0.21759706735610962
0.1674436777830124
0.1537725329399109
0.12037864327430725
0.16559427976608276
0.16182169318199158
0.33256638050079346
0.16095343232154846
0.14787063002586365
0.1568402796983719
0.25298354029655457
0.156227707862854
0.2734263241291046
0.21457163989543915
0.14694581925868988
0.20347511768341064
0.23723028600215912
0.20617912709712982
0.15275445580482483
0.22093628346920013
0.34419673681259155
0.1927104890346527
0.22626180946826935
0.17262449860572815
0.17576952278614044
0.17877499759197235
0.16360428929328918
0.20809859037399292
0.19066746532917023
0.1337917596101761
0.27604225277900696
0.17507080733776093
0.20784689486026764
0.20293359458446503
0.40716806054115295
0.197833850979805
0.22991138696670532
0.2457350492477417
0.27886763215065
0.26538917422294617
0.15234337747097015
0.17696474492549896
0.13367925584316254
0.27467119693756104
0.1542479693889618
0.12628814578056335
0.21946275234222412
0.1365230679512024
0.12872794270515442
0.2083168923854828
0.28254640102386475
0.3235243856906891
0.16424459218978882
0.17875885963439941
0.1696857362985611
0.14788031578063965
0.2194964736700058
0.23644518852233887
0.20645706355571747
0.2398626059293747
0.18465234339237213
0.16596166789531708
0.3738553822040558
0.14943662285804749
0.19229312241077423
0.14573563635349274
0.3636001646518707
0.2564947009086609
0.12622138857841492
0.1733962893486023
0.20346486568450928
0.23275700211524963
0.47475665807724
0.1695418804883957
0.12231595069169998
0.18135643005371094
0.11899210512638092
0.20629572868347168
0.2091563493013382
0.1428631693124771
0.21793413162231445
0.14086651802062988
0.20957155525684357
0.210779070854187
0.1484389305114746
0.13113278150558472
0.2668139934539795
0.1345680207014084
0.1646679937839508
0.21115900576114655
0.1771739423274994
0.13963164389133453
0.2740066349506378
0.3235537111759186
0.18841217458248138
0.142228901386261
0.1982913613319397
0.17023280262947083
0.24917422235012054
0.2264472395181656
0.13239358365535736
0.16360317170619965
0.2468053549528122
0.24014031887054443
0.12296567857265472
0.18248175084590912
0.13993413746356964
0.34050631523132324
0.22764934599399567
0.13073047995567322
0.1723509132862091
0.17119979858398438
0.1902761608362198
0.13182589411735535
0.18064822256565094
0.16482952237129211
0.17783592641353607
0.15879081189632416
0.14210453629493713
0.17133301496505737
0.14564180374145508
0.41800931096076965
0.1613088697195053
0.15534241497516632
0.16173948347568512
0.2639872431755066
0.16562798619270325
0.2014707624912262
0.17690449953079224
0.30588629841804504
0.17410914599895477
0.13400888442993164
0.11220767349004745
0.14252720773220062
0.1637066900730133
0.1295325607061386
0.1640494018793106
0.3349113464355469
0.19575779139995575
0.12607216835021973
0.16942909359931946
0.2282147854566574
0.21601824462413788
0.20759451389312744
0.14493699371814728
0.24491919577121735
0.25346219539642334
0.20235711336135864
0.15055356919765472
0.18022222816944122
0.23651458323001862
0.1325058788061142
0.16844932734966278
0.17138294875621796
0.12677517533302307
0.1817537397146225
0.1116248071193695
0.1910555213689804
0.13942623138427734
0.19628384709358215
0.1877307891845703
0.15292145311832428
0.16107743978500366
0.2295394390821457
0.14117327332496643
0.13270458579063416
0.15085482597351074
0.3286415636539459
0.15850961208343506
0.24160340428352356
0.24877214431762695
0.1801440566778183
0.18351897597312927
0.16028274595737457
0.20688742399215698
0.2528480291366577
0.22703687846660614
0.2425987273454666
0.19539250433444977
0.15895429253578186
0.15815307199954987
0.13309933245182037
0.14156390726566315
0.16279549896717072
0.2636318504810333
0.15351904928684235
0.22787141799926758
0.14590175449848175
0.13607436418533325
0.1399908810853958
0.2944190502166748
0.18919599056243896
0.12543146312236786
0.3179320693016052
0.1346403807401657
0.11198996752500534
0.2191532999277115
0.11357591301202774
0.10116273909807205
0.21724370121955872
0.2956711947917938
0.2634924650192261
0.16425713896751404
0.1657789647579193
0.11759981513023376
0.1957874596118927
0.15764185786247253
0.33318257331848145
0.19178079068660736
0.20969009399414062
0.20700079202651978
0.23260051012039185
0.12394172698259354
0.24356743693351746
0.14379486441612244
0.1410832554101944
0.17536506056785583
0.1681034415960312
0.2019890546798706
0.21077848970890045
0.1752680540084839
0.20034122467041016
0.11203945428133011
0.21282295882701874
0.14057254791259766
0.2013731598854065
0.23435728251934052
0.15885233879089355
0.1347549706697464
0.22466889023780823
0.3068704903125763
0.1965833306312561
0.12892939150333405
0.1322239637374878
0.3291463255882263
0.239615336060524
0.2736561596393585
0.17299653589725494
0.2163940966129303
0.14715470373630524
0.28101029992103577
0.19775965809822083
0.18106241524219513
0.1883157342672348
0.16692812740802765
0.23579730093479156
0.29269304871559143
0.18466848134994507
0.13028322160243988
0.20289598405361176
0.20207655429840088
0.12621207535266876
0.20944860577583313
0.18052655458450317
0.2995002865791321
0.13766534626483917
0.16153663396835327
0.29989901185035706
0.24239526689052582
0.1502487063407898
0.16356712579727173
0.13206900656223297
0.22470802068710327
0.18478208780288696
0.13367792963981628
0.23522955179214478
0.18311190605163574
0.19893284142017365
0.12077350914478302
0.13518944382667542
0.13424821197986603
0.3483581840991974
0.182862788438797
0.19162724912166595
0.19153088331222534
0.13362111151218414
0.2292083501815796
0.11995962262153625
0.25473231077194214
0.13373690843582153
0.20565059781074524
0.20283417403697968
0.10866720229387283
0.2622835636138916
0.17116907238960266
0.12914255261421204
0.21218456327915192
0.2617771625518799
0.19623422622680664
0.2051384449005127
0.1525450199842453
0.14740848541259766
0.3030206263065338
0.2075369656085968
0.14893528819084167
0.20199106633663177
0.2782357633113861
0.23792535066604614
0.2769692838191986
0.141831174492836
0.15673094987869263
0.11316242814064026
0.1384078711271286
0.19524461030960083
0.22478754818439484
0.1563597172498703
0.114549919962883
0.2326882928609848
0.12159814685583115
0.22320161759853363
0.13576911389827728
0.2659968435764313
0.2239396572113037
0.31161969900131226
0.14566275477409363
0.12399100512266159
0.16387516260147095
0.16787704825401306
0.3137587606906891
0.27956750988960266
0.28797340393066406
0.1407313495874405
0.15296627581119537
0.1392296701669693
0.2849191129207611
0.1909099817276001
0.20111843943595886
0.2702381908893585
0.32232406735420227
0.17548568546772003
0.14024341106414795
0.19814752042293549
0.20160333812236786
0.1780921071767807
0.14116010069847107
0.267290323972702
0.2431311160326004
0.127183198928833
0.17018532752990723
0.14573797583580017
0.15587474405765533
0.14275480806827545
0.1650978922843933
0.16158761084079742
0.159571573138237
0.15783506631851196
0.151601642370224
0.19082826375961304
0.11591524630784988
0.374219685792923
0.41984206438064575
0.2410622388124466
0.13763917982578278
0.18898746371269226
0.23824818432331085
0.15828248858451843
0.14603166282176971
0.17166543006896973
0.1912166327238083
0.11021503806114197
0.14713233709335327
0.1566670686006546
0.2451302707195282
0.31026893854141235
0.2708611488342285
0.19805362820625305
0.31311681866645813
0.19782644510269165
0.3167136013507843
0.15077203512191772
0.2246485948562622
0.15952415764331818
0.24251112341880798
0.220131054520607
0.20443685352802277
0.21824467182159424
0.1276562213897705
0.13528068363666534
0.14641457796096802
0.21258921921253204
0.1374247670173645
0.163710817694664
0.19120627641677856
0.41133812069892883
0.17694054543972015
0.09664095193147659
0.17919521033763885
0.130476713180542
0.1531778872013092
0.14178356528282166
0.19983768463134766
0.12071273475885391
0.106365866959095
0.161790668964386
0.1684153825044632
0.164654940366745
0.2462158501148224
0.18158261477947235
0.13279566168785095
0.22159796953201294
0.17895124852657318
0.22177058458328247
0.1573915332555771
0.4575726389884949
0.16828538477420807
0.11466431617736816
0.18897892534732819
0.3632633090019226
0.13872596621513367
0.257715106010437
0.15740084648132324
0.2693527042865753
0.12242770195007324
0.2255873680114746
0.18904563784599304
0.1654493808746338
0.1463318169116974
0.14339666068553925
0.44518226385116577
0.2245475947856903
0.3974061608314514
0.22112032771110535
0.2123505175113678
0.34321773052215576
0.15621832013130188
0.2811264991760254
0.18453466892242432
0.13434641063213348
0.17872492969036102
0.27460673451423645
0.2531315088272095
0.18309716880321503
0.13787239789962769
0.17597658932209015
0.13916905224323273
0.17472930252552032
0.21990838646888733
0.22282785177230835
0.41287893056869507
0.26565834879875183
0.14454719424247742
0.1563587784767151
0.15396662056446075
0.12626808881759644
0.18391203880310059
0.22224019467830658
0.22002147138118744
0.1663963347673416
0.16970963776111603
0.18482163548469543
0.2058742195367813
0.159942626953125
0.19829103350639343
0.33892694115638733
0.18277032673358917
0.13701105117797852
0.16263656318187714
0.18814954161643982
0.11313007771968842
0.172394797205925
0.22857210040092468
0.15639609098434448
0.20573748648166656
0.12208694219589233
0.11812213808298111
0.1879948079586029
0.22189995646476746
0.2789088487625122
0.1288207769393921
0.21505577862262726
0.12393935024738312
0.10938599705696106
0.2111864537000656
0.19125692546367645
0.14996208250522614
0.11123643815517426
0.13811872899532318
0.10964764654636383
0.2083953469991684
0.1486959606409073
0.2231704741716385
0.1513916552066803
0.20985393226146698
0.2215089648962021
0.22250328958034515
0.24949289858341217
0.1399955302476883
0.2275984287261963
0.12835317850112915
0.21617339551448822
0.10892397165298462
0.09503955394029617
0.3006620705127716
0.1719251424074173
0.4398803114891052
0.14932070672512054
0.2438143938779831
0.3011895418167114
0.19745488464832306
0.11357191205024719
0.22887581586837769
0.121412493288517
0.19343210756778717
0.17613008618354797
0.15397371351718903
0.13627412915229797
0.09818556159734726
0.24268735945224762
0.16725099086761475
0.16044878959655762
0.14390331506729126
0.09603483229875565
0.12555108964443207
0.18272143602371216
0.24878409504890442
0.13453997671604156
0.1440168023109436
0.2163771390914917
0.26134490966796875
0.317485511302948
0.1307574212551117
0.2211441546678543
0.22644586861133575
0.16987141966819763
0.24572744965553284
0.18405576050281525
0.14113472402095795
0.15752185881137848
0.13750754296779633
0.11157895624637604
0.15329071879386902
0.11707070469856262
0.12126146256923676
0.23720243573188782
0.2549325227737427
0.2370753139257431
0.18821118772029877
0.11849149316549301
0.22962014377117157
0.17014580965042114
0.13832244277000427
0.13283449411392212
0.37784451246261597
0.12876856327056885
0.10781973600387573
0.12899750471115112
0.27140408754348755
0.24003931879997253
0.21741583943367004
0.1513640284538269
0.152615487575531
0.18703940510749817
0.26522067189216614
0.1663656234741211
0.15674836933612823
0.21479564905166626
0.18907378613948822
0.14918895065784454
0.1443289816379547
0.12612544000148773
0.2353280484676361
0.1577768325805664
0.12670695781707764
0.24220336973667145
0.2086227536201477
0.20751094818115234
0.26421022415161133
0.16638262569904327
0.3602868318557739
0.3542460799217224
0.24838067591190338
0.2997308373451233
0.20954956114292145
0.18924802541732788
0.16763722896575928
0.21179817616939545
0.18620090186595917
0.2012924700975418
0.21191734075546265
0.17926396429538727
0.19098523259162903
0.289469450712204
0.21650037169456482
0.3190968334674835
0.19788849353790283
0.22828641533851624
0.20806945860385895
0.1496298909187317
0.23355628550052643
0.1615438610315323
0.22387556731700897
0.12442544847726822
0.2589115500450134
0.2982659637928009
0.15219590067863464
0.16056641936302185
0.14606600999832153
0.19465744495391846
0.2907479405403137
0.23632609844207764
0.19267860054969788
0.16392852365970612
0.19431434571743011
0.25015249848365784
0.3113406002521515
0.19060149788856506
0.17394591867923737
0.1616768091917038
0.134636789560318
0.17139054834842682
0.16680076718330383
0.26705169677734375
0.2186312973499298
0.22195106744766235
0.17221711575984955
0.2137824445962906
0.1672130823135376
0.1265319138765335
0.19633987545967102
0.3021451532840729
0.19161070883274078
0.21017691493034363
0.16988325119018555
0.19156765937805176
0.12933151423931122
0.1477167308330536
0.1956244558095932
0.1829366236925125
0.24656912684440613
0.32364797592163086
0.20006807148456573
0.2119169533252716
0.2684133052825928
0.14751273393630981
0.19464708864688873
0.22543606162071228
0.14934876561164856
0.23646114766597748
0.16575594246387482
0.21623997390270233
0.2323235124349594
0.18501214683055878
0.19389893114566803
0.21259063482284546
0.13926555216312408
0.14821293950080872
0.17965121567249298
0.2718064486980438
0.13195915520191193
0.14350731670856476
0.18385405838489532
0.14847570657730103
0.1813039481639862
0.41650357842445374
0.24247293174266815
0.21898150444030762
0.2396904081106186
0.2060975432395935
0.1759861558675766
0.13973556458950043
0.23146311938762665
0.24799425899982452
0.2015465348958969
0.12451182305812836
0.12693531811237335
0.13669639825820923
0.13767006993293762
0.19091622531414032
0.10934695601463318
0.09309598058462143
0.1920347660779953
0.24102114140987396
0.2671792805194855
0.15486332774162292
0.15997003018856049
0.11843762546777725
0.193695530295372
0.14545686542987823
0.1310189664363861
0.3001039922237396
0.17196844518184662
0.13080814480781555
0.14511865377426147
0.29644349217414856
0.17702294886112213
0.2526607811450958
0.17554017901420593
0.4204409122467041
0.18610818684101105
0.1402778923511505
0.23692362010478973
0.12442223727703094
0.2669696509838104
0.29733872413635254
0.2232150435447693
0.16783376038074493
0.21909166872501373
0.15891852974891663
0.12386581301689148
0.19379675388336182
0.3430708348751068
0.159611776471138
0.23319409787654877
0.22188106179237366
0.2015233039855957
0.15347731113433838
0.15627972781658173
0.19542370736598969
0.34621933102607727
0.13510003685951233
0.16313529014587402
0.1411513090133667
0.1598845273256302
0.20139577984809875
0.1431615948677063
0.12766717374324799
0.2427811473608017
0.21443767845630646
0.13484030961990356
0.17169348895549774
0.12865272164344788
0.16994769871234894
0.22976301610469818
0.17546673119068146
0.17450575530529022
0.1511252224445343
0.2959042191505432
0.14669924974441528
0.11787747591733932
0.30840250849723816
0.190327450633049
0.1801794022321701
0.1510319709777832
0.144385427236557
0.11313103139400482
0.13287702202796936
0.18933048844337463
0.20777729153633118
0.1486808955669403
0.15492060780525208
0.12717285752296448
0.13899143040180206
0.13571354746818542
0.14322219789028168
0.1430027335882187
0.12578462064266205
0.11708462983369827
0.1474311202764511
0.3512095808982849
0.23447243869304657
0.2675868272781372
0.10382445901632309
0.173540860414505
0.2096823900938034
0.14996805787086487
0.27289852499961853
0.1853649616241455
0.2504063844680786
0.15861853957176208
0.2760610282421112
0.21539530158042908
0.15192192792892456
0.14328332245349884
0.23785394430160522
0.18671774864196777
0.21485799551010132
0.14204935729503632
0.24692873656749725
0.1698227822780609
0.17638149857521057
0.15791955590248108
0.2395201176404953
0.2824113667011261
0.14040221273899078
0.13102051615715027
0.2643164396286011
0.19596745073795319
0.16589318215847015
0.1721944510936737
0.1602894514799118
0.39819854497909546
0.24516481161117554
0.17427824437618256
0.19226469099521637
0.21632865071296692
0.2360999584197998
0.18117590248584747
0.35792261362075806
0.24982284009456635
0.1830354928970337
0.2730422019958496
0.16848474740982056
0.12884138524532318
0.26456037163734436
0.1825532168149948
0.20666073262691498
0.1965184211730957
0.20381374657154083
0.13532374799251556
0.13726501166820526
0.43498945236206055
0.2465861588716507
0.1908682882785797
0.15799981355667114
0.18375170230865479
0.18340623378753662
0.20363327860832214
0.19778668880462646
0.11865997314453125
0.15482299029827118
0.12795183062553406
0.20982879400253296
0.19998961687088013
0.27224358916282654
0.15770642459392548
0.16962288320064545
0.16191288828849792
0.20238618552684784
0.19961196184158325
0.17936775088310242
0.22206981480121613
0.1368194818496704
0.11094614863395691
0.1962430328130722
0.11992325633764267
0.18493475019931793
0.19094908237457275
0.2849123477935791
0.12170571088790894
0.13386307656764984
0.19614741206169128
0.3031712770462036
0.21828974783420563
0.157338947057724
0.16664308309555054
0.4230327606201172
0.3083559274673462
0.1793266385793686
0.21581313014030457
0.11114566773176193
0.19561173021793365
0.28760194778442383
0.15485519170761108
0.1611666977405548
0.17057132720947266
0.20426583290100098
0.16375486552715302
0.13418075442314148
0.1280498504638672
0.2857866883277893
0.14360812306404114
0.1455187201499939
0.17945760488510132
0.22692444920539856
0.18811166286468506
0.2004406601190567
0.19721874594688416
0.1429814249277115
0.12724809348583221
0.3666381239891052
0.22084082663059235
0.21634511649608612
0.3219524919986725
0.1756487786769867
0.2243225872516632
0.20190323889255524
0.15320134162902832
0.2658367455005646
0.1569121927022934
0.14106394350528717
0.1566411256790161
0.19667914509773254
0.5052372813224792
0.13979527354240417
0.2868938148021698
0.22628436982631683
0.12846793234348297
0.170851930975914
0.1230291873216629
0.10697568207979202
0.3457069993019104
0.2265569120645523
0.1173328086733818
0.17197659611701965
0.2622999846935272
0.2711816132068634
0.13219450414180756
0.218657985329628
0.2136135846376419
0.15121407806873322
0.1705387681722641
0.10987459868192673
0.3088948428630829
0.11500604450702667
0.23365183174610138
0.1683238297700882
0.1488863080739975
0.195887491106987
0.1417478621006012
0.1751440316438675
0.13404691219329834
0.125702366232872
0.17599254846572876
0.13767600059509277
0.10717201977968216
0.09629480540752411
0.1560344696044922
0.27698102593421936
0.37012019753456116
0.1661042720079422
0.13333366811275482
0.21323472261428833
0.11136243492364883
0.1501922607421875
0.18173855543136597
0.13747578859329224
0.1726832091808319
0.09621576219797134
0.304959774017334
0.28068146109580994
0.2984841763973236
0.15984216332435608
0.19535872340202332
0.21274268627166748
0.13801127672195435
0.23489932715892792
0.31329962611198425
0.20758163928985596
0.12456565350294113
0.1061033234000206
0.16551239788532257
0.20711810886859894
0.13925133645534515
0.1343749463558197
0.29009488224983215
0.2719694972038269
0.20262444019317627
0.3307543694972992
0.38630911707878113
0.18035876750946045
0.17806358635425568
0.3063494563102722
0.1702459305524826
0.1090158000588417
0.23768262565135956
0.15565519034862518
0.11083502322435379
0.19169463217258453
0.221719428896904
0.24356414377689362
0.34915685653686523
0.12120135128498077
0.19401240348815918
0.15352024137973785
0.13528573513031006
0.2372526079416275
0.1984826624393463
0.24819889664649963
0.20476658642292023
0.21512790024280548
0.16367293894290924
0.15588702261447906
0.15824371576309204
0.24441561102867126
0.2566617429256439
0.2649344205856323
0.19052699208259583
0.18970035016536713
0.2329142540693283
0.12123366445302963
0.20070764422416687
0.24631233513355255
0.2232447862625122
0.13943219184875488
0.21415379643440247
0.21723882853984833
0.1149066835641861
0.16606421768665314
0.27743712067604065
0.2441689372062683
0.13368451595306396
0.26443204283714294
0.14593055844306946
0.23773525655269623
0.11692618578672409
0.16172076761722565
0.13479286432266235
0.19539803266525269
0.12828907370567322
0.1458987295627594
0.18816614151000977
0.1218908503651619
0.147727370262146
0.20026075839996338
0.18940632045269012
0.3032976984977722
0.33112144470214844
0.15151947736740112
0.27480238676071167
0.1551135927438736
0.13650573790073395
0.12807567417621613
0.2149360030889511
0.27198532223701477
0.20654921233654022
0.29923826456069946
0.24204610288143158
0.14576424658298492
0.2632922828197479
0.13528814911842346
0.2595643401145935
0.29600316286087036
0.2493956834077835
0.17099830508232117
0.29535621404647827
0.18129557371139526
0.2794876992702484
0.1330392211675644
0.25578227639198303
0.1931397169828415
0.13009031116962433
0.19866715371608734
0.13860587775707245
0.2780545949935913
0.15976448357105255
0.12307945638895035
0.13414764404296875
0.15601052343845367
0.3005121052265167
0.16322869062423706
0.19288137555122375
0.2307186722755432
0.16799519956111908
0.1457158476114273
0.15116146206855774
0.12670397758483887
0.27660825848579407
0.266600102186203
0.17427410185337067
0.11715396493673325
0.2001848667860031
0.16307806968688965
0.23431631922721863
0.16116400063037872
0.24082595109939575
0.273331880569458
0.17351365089416504
0.10707112401723862
0.1428193300962448
0.23635870218276978
0.2062145322561264
0.1516270488500595
0.16588501632213593
0.12636734545230865
0.18327420949935913
0.2211565375328064
0.16459527611732483
0.14140936732292175
0.1419641226530075
0.1962483525276184
0.28326812386512756
0.1748417168855667
0.18708407878875732
0.09143994003534317
0.1185629665851593
0.11236860603094101
0.11515167355537415
0.1558850109577179
0.1607820987701416
0.119342140853405
0.18958894908428192
0.1537618488073349
0.1452891081571579
0.17365911602973938
0.13579712808132172
0.13068026304244995
0.2587297856807709
0.1371138095855713
0.13847070932388306
0.23397468030452728
0.16080515086650848
0.20982997119426727
0.10799889266490936
0.15040400624275208
0.2906360328197479
0.16704335808753967
0.1552373319864273
0.22338838875293732
0.19127590954303741
0.1350003033876419
0.22068245708942413
0.17802906036376953
0.1081981360912323
0.21267804503440857
0.2065526843070984
0.18101269006729126
0.3021172285079956
0.17811965942382812
0.1149689331650734
0.15198731422424316
0.33957430720329285
0.14020688831806183
0.09889213740825653
0.1538011133670807
0.11534164845943451
0.178223118185997
0.17157605290412903
0.15377801656723022
0.1980510652065277
0.17663338780403137
0.14731764793395996
0.27606797218322754
0.1792796403169632
0.19124828279018402
0.1802283525466919
0.1607607901096344
0.1781664937734604
0.13661248981952667
0.15341170132160187
0.16870474815368652
0.11055976897478104
0.09043829888105392
0.2865266799926758
0.18055765330791473
0.15832236409187317
0.14252011477947235
0.1775706708431244
0.23881489038467407
0.16279835999011993
0.3927217125892639
0.11309151351451874
0.19669868052005768
0.267059326171875
0.1931256204843521
0.36784282326698303
0.134271502494812
0.19812072813510895
0.25084632635116577
0.1341102421283722
0.3390163481235504
0.2974032759666443
0.36332809925079346
0.17037686705589294
0.23182852566242218
0.22926227748394012
0.3330395221710205
0.14526431262493134
0.11236544698476791
0.20951925218105316
0.18346360325813293
0.298528254032135
0.2047518491744995
0.16033919155597687
0.26509180665016174
0.15364262461662292
0.1297694444656372
0.1683349907398224
0.15624189376831055
0.1909511387348175
0.15639066696166992
0.23261620104312897
0.10497857630252838
0.16296733915805817
0.12234445661306381
0.2838953137397766
0.14545658230781555
0.39288759231567383
0.15989401936531067
0.13476167619228363
0.3258358836174011
0.18439212441444397
0.19369813799858093
0.18305335938930511
0.4292548596858978
0.1680135726928711
0.15070757269859314
0.17885954678058624
0.29254159331321716
0.23929952085018158
0.14863842725753784
0.27181288599967957
0.216520756483078
0.1306351274251938
0.2291090041399002
0.1588018238544464
0.24125687777996063
0.1899850070476532
0.11409836262464523
0.2071303129196167
0.13795682787895203
0.19851700961589813
0.25763458013534546
0.4564123749732971
0.14644023776054382
0.12360081821680069
0.23858000338077545
0.11757123470306396
0.1999337524175644
0.2315300852060318
0.11535664647817612
0.19976066052913666
0.109437957406044
0.26347342133522034
0.14747606217861176
0.20128865540027618
0.13409000635147095
0.12359631061553955
0.13918200135231018
0.23787224292755127
0.33030012249946594
0.2920196056365967
0.2445002943277359
0.14646725356578827
0.15143004059791565
0.12914538383483887
0.1753433346748352
0.13550283014774323
0.29985466599464417
0.22190871834754944
0.16040407121181488
0.22627371549606323
0.1739816665649414
0.1451462209224701
0.28572583198547363
0.1883321851491928
0.17695572972297668
0.20940928161144257
0.21798834204673767
0.18553414940834045
0.16814491152763367
0.11061511933803558
0.11172794550657272
0.1870383471250534
0.2501731514930725
0.15361490845680237
0.3343976140022278
0.15966397523880005
0.23897887766361237
0.11377688497304916
0.14019030332565308
0.16577143967151642
0.22643496096134186
0.15466348826885223
0.22542516887187958
0.31375110149383545
0.26562198996543884
0.1957484632730484
0.20167486369609833
0.2103693038225174
0.17370617389678955
0.1645413637161255
0.188066765666008
0.2790933847427368
0.15047210454940796
0.18643644452095032
0.275416761636734
0.15406690537929535
0.19172699749469757
0.4023717939853668
0.1419982761144638
0.1324549913406372
0.11808480322360992
0.12610377371311188
0.34726086258888245
0.12604719400405884
0.2369399517774582
0.21059080958366394
0.3387679159641266
0.20669478178024292
0.1656927615404129
0.22668103873729706
0.14153453707695007
0.2156151533126831
0.14133615791797638
0.20335149765014648
0.19218331575393677
0.2702716886997223
0.21571889519691467
0.1692664474248886
0.15368065237998962
0.15286192297935486
0.23992754518985748
0.15282239019870758
0.157161146402359
0.18166135251522064
0.14334362745285034
0.26767849922180176
0.2656777501106262
0.31614306569099426
0.14028052985668182
0.13940709829330444
0.1639736145734787
0.15506626665592194
0.2540750503540039
0.19819003343582153
0.2795567810535431
0.13033881783485413
0.12811797857284546
0.19642232358455658
0.1433149129152298
0.10446234047412872
0.2370668202638626
0.3763233721256256
0.32809242606163025
0.35011962056159973
0.2555874288082123
0.1716509908437729
0.21422460675239563
0.21836428344249725
0.21379268169403076
0.11811713874340057
0.20635078847408295
0.13676777482032776
0.3002529442310333
0.2015525996685028
0.14845193922519684
0.15151411294937134
0.3679601550102234
0.19876082241535187
0.11946211010217667
0.22083207964897156
0.21167005598545074
0.18773669004440308
0.43544483184814453
0.22463984787464142
0.1974550485610962
0.18423300981521606
0.15356044471263885
0.3459800183773041
0.27383849024772644
0.13143464922904968
0.1713852733373642
0.17454937100410461
0.2870549261569977
0.1412269026041031
0.1524541825056076
0.20803947746753693
0.13329347968101501
0.11768089979887009
0.2403874546289444
0.1479899287223816
0.33247825503349304
0.302965372800827
0.20667865872383118
0.17230218648910522
0.18680539727210999
0.11015738546848297
0.10451395809650421
0.4146808087825775
0.22923654317855835
0.21812862157821655
0.19207167625427246
0.16591838002204895
0.19244088232517242
0.15009352564811707
0.2648976743221283
0.15922334790229797
0.10233978927135468
0.1613425463438034
0.17318101227283478
0.22304530441761017
0.20099639892578125
0.17145100235939026
0.3147165775299072
0.17110346257686615
0.13778769969940186
0.19082634150981903
0.15304680168628693
0.17846259474754333
0.19897252321243286
0.3355942368507385
0.2045547366142273
0.18168047070503235
0.22588486969470978
0.18345527350902557
0.16464491188526154
0.14770293235778809
0.38531142473220825
0.1972889006137848
0.10876115411520004
0.17774559557437897
0.1539021134376526
0.2097705900669098
0.16880293190479279
0.17097872495651245
0.1439303308725357
0.1963137686252594
0.11693519353866577
0.21094730496406555
0.14109830558300018
0.3630008101463318
0.2813663184642792
0.3937265872955322
0.19651588797569275
0.3448945879936218
0.15663675963878632
0.15935634076595306
0.21333004534244537
0.19695468246936798
0.1057024821639061
0.2236395627260208
0.24657174944877625
0.14163224399089813
0.21042382717132568
0.14617809653282166
0.2110799252986908
0.19572027027606964
0.14537696540355682
0.109756700694561
0.20037949085235596
0.38235488533973694
0.16985191404819489
0.18633440136909485
0.1883648931980133
0.1746354103088379
0.26142099499702454
0.3413984179496765
0.18821939826011658
0.18240272998809814
0.24903497099876404
0.27757561206817627
0.1776624321937561
0.16057433187961578
0.1736600548028946
0.15606960654258728
0.09101441502571106
0.20947645604610443
0.2265726625919342
0.23827777802944183
0.11362127959728241
0.3223229646682739
0.15198560059070587
0.09475982934236526
0.12501458823680878
0.29838743805885315
0.17379960417747498
0.1424209475517273
0.13678649067878723
0.38067826628685
0.19629335403442383
0.14834190905094147
0.2532685101032257
0.10332992672920227
0.1680166870355606
0.15927401185035706
0.20432069897651672
0.18243661522865295
0.19212409853935242
0.1179913878440857
0.11682359874248505
0.21902985870838165
0.2336384356021881
0.1944325864315033
0.10271506011486053
0.1745126098394394
0.19209709763526917
0.31744274497032166
0.15788087248802185
0.16657774150371552
0.21270793676376343
0.13896800577640533
0.29906517267227173
0.1466912180185318
0.16840334236621857
0.25761011242866516
0.14451667666435242
0.14825601875782013
0.31040048599243164
0.20585012435913086
0.1481231451034546
0.13828495144844055
0.13851600885391235
0.1238975003361702
0.23548384010791779
0.19650010764598846
0.2852143347263336
0.13570840656757355
0.23295359313488007
0.11896198242902756
0.3162072002887726
0.23265060782432556
0.20458799600601196
0.25645846128463745
0.235188290476799
0.18284361064434052
0.3011205792427063
0.14431051909923553
0.25166112184524536
0.1595129370689392
0.229257270693779
0.11826282739639282
0.159968301653862
0.24257728457450867
0.19979575276374817
0.29771262407302856
0.3194160461425781
0.19104044139385223
0.2709561884403229
0.23721562325954437
0.39666369557380676
0.3196329176425934
0.17511390149593353
0.1488257795572281
0.14662204682826996
0.1428992599248886
0.25247836112976074
0.3151886463165283
0.19042906165122986
0.14845071732997894
0.22996222972869873
0.1411922425031662
0.19761516153812408
0.23836001753807068
0.26170268654823303
0.20611025393009186
0.18651549518108368
0.12537173926830292
0.14396312832832336
0.2670247256755829
0.1554957926273346
0.11407830566167831
0.11328613013029099
0.23728393018245697
0.1066424772143364
0.23707467317581177
0.24857169389724731
0.13014176487922668
0.15994316339492798
0.19540712237358093
0.15843898057937622
0.1637091487646103
0.21193398535251617
0.29183486104011536
0.294596403837204
0.15284189581871033
0.14514164626598358
0.34003540873527527
0.1351030170917511
0.15207423269748688
0.14635106921195984
0.29317599534988403
0.2747775614261627
0.12678229808807373
0.14061781764030457
0.11226300895214081
0.21906837821006775
0.10885410755872726
0.15072591602802277
0.22170688211917877
0.13033586740493774
0.10345011204481125
0.10275738686323166
0.15273930132389069
0.2553669512271881
0.10936135798692703
0.23711545765399933
0.12475204467773438
0.43418505787849426
0.36694926023483276
0.2295963019132614
0.21581442654132843
0.15159396827220917
0.12494213879108429
0.2897205054759979
0.1505429893732071
0.1392841637134552
0.29058486223220825
0.14140796661376953
0.14130577445030212
0.2193085104227066
0.3531399369239807
0.19133548438549042
0.2047063708305359
0.2541206479072571
0.30270469188690186
0.1396256983280182
0.29987186193466187
0.21219992637634277
0.13609206676483154
0.35614365339279175
0.2409903109073639
0.2170739620923996
0.12592387199401855
0.15948311984539032
0.21823342144489288
0.22935545444488525
0.2807832658290863
0.15801212191581726
0.2735045552253723
0.20653098821640015
0.11699213087558746
0.12922441959381104
0.19225792586803436
0.23136471211910248
0.20768070220947266
0.12743321061134338
0.3359123170375824
0.15503408014774323
0.15840573608875275
0.2846404016017914
0.25542083382606506
0.23383381962776184
0.3535762131214142
0.3355233073234558
0.1457543671131134
0.14528968930244446
0.1353408247232437
0.33541184663772583
0.18390925228595734
0.3403584957122803
0.152994766831398
0.2706705629825592
0.16660857200622559
0.18039359152317047
0.11052916944026947
0.10255580395460129
0.16980162262916565
0.22767870128154755
0.23265960812568665
0.13858886063098907
0.24263058602809906
0.12890277802944183
0.14515765011310577
0.1220015361905098
0.21974259614944458
0.14277395606040955
0.22729343175888062
0.30658018589019775
0.33933350443840027
0.14027132093906403
0.11375337094068527
0.2776310443878174
0.2093181610107422
0.10863929986953735
0.2722146511077881
0.17717838287353516
0.09847874194383621
0.23844237625598907
0.20964930951595306
0.13315410912036896
0.09586580097675323
0.21745987236499786
0.1601095199584961
0.14726731181144714
0.24489346146583557
0.18392452597618103
0.12034336477518082
0.18773087859153748
0.19621187448501587
0.1616763025522232
0.23794861137866974
0.13815058767795563
0.2044822722673416
0.1487712860107422
0.20416878163814545
0.21823595464229584
0.15601789951324463
0.34917762875556946
0.12185264378786087
0.22266368567943573
0.17897053062915802
0.11748617142438889
0.2433972805738449
0.17755362391471863
0.2778984010219574
0.23744486272335052
0.17289064824581146
0.19093960523605347
0.16873236000537872
0.1296718865633011
0.21863336861133575
0.27098822593688965
0.15334126353263855
0.25589948892593384
0.3176681697368622
0.14400333166122437
0.43802395462989807
0.34299811720848083
0.2146206498146057
0.22951489686965942
0.17944054305553436
0.22288040816783905
0.2284604161977768
0.2562756836414337
0.14189182221889496
0.14178475737571716
0.16515329480171204
0.23072977364063263
0.3433825671672821
0.21592648327350616
0.19170957803726196
0.19764412939548492
0.28090107440948486
0.2051003873348236
0.21876336634159088
0.16109083592891693
0.249151811003685
0.15494312345981598
0.3015487790107727
0.1257300227880478
0.10167660564184189
0.12447528541088104
0.10964836925268173
0.10561051964759827
0.2866012156009674
0.2850416600704193
0.11198864132165909
0.23215807974338531
0.3788812458515167
0.30389899015426636
0.15385964512825012
0.18227235972881317
0.14301472902297974
0.2721325755119324
0.18988296389579773
0.34740081429481506
0.284731924533844
0.27139341831207275
0.25619545578956604
0.17134445905685425
0.14499974250793457
0.12064670026302338
0.1761028915643692
0.23197408020496368
0.1208893358707428
0.11483895778656006
0.1780136674642563
0.1798192709684372
0.21253268420696259
0.1482195407152176
0.2492263913154602
0.18889915943145752
0.12218886613845825
0.18676705658435822
0.12962956726551056
0.2405053973197937
0.22496826946735382
0.15296071767807007
0.34755170345306396
0.22249853610992432
0.20197859406471252
0.1668897420167923
0.2605600953102112
0.22119639813899994
0.2809922695159912
0.29307958483695984
0.13005217909812927
0.39045897126197815
0.24875004589557648
0.16887672245502472
0.13036279380321503
0.21071019768714905
0.12060334533452988
0.22565621137619019
0.10764600336551666
0.30537936091423035
0.2828412652015686
0.21448679268360138
0.16115249693393707
0.22033287584781647
0.20164501667022705
0.15736204385757446
0.11519987136125565
0.26882219314575195
0.1337304413318634
0.2181243747472763
0.15575946867465973
0.1396677941083908
0.2098183035850525
0.1407838612794876
0.09450037777423859
0.14303772151470184
0.2936830520629883
0.29266610741615295
0.22687362134456635
0.22992214560508728
0.2898285984992981
0.2535693049430847
0.13210038840770721
0.22748173773288727
0.2679217755794525
0.12445276230573654
0.1473977416753769
0.12447434663772583
0.17871880531311035
0.16338449716567993
0.23651467263698578
0.18962278962135315
0.1629398763179779
0.15050669014453888
0.2700735330581665
0.14601470530033112
0.14239221811294556
0.19124114513397217
0.21938185393810272
0.24964383244514465
0.4274289906024933
0.1352817416191101
0.21257193386554718
0.1471102088689804
0.10736788064241409
0.13513395190238953
0.1983969509601593
0.12057226151227951
0.23407869040966034
0.19425782561302185
0.2173849642276764
0.14722539484500885
0.2770638167858124
0.25565680861473083
0.38283199071884155
0.1560891717672348
0.20592932403087616
0.17622125148773193
0.2395048290491104
0.18921415507793427
0.15272626280784607
0.14283642172813416
0.2295745462179184
0.1327671855688095
0.2114286571741104
0.20474757254123688
0.18008989095687866
0.1447046548128128
0.21182088553905487
0.16003252565860748
0.2863771319389343
0.28245872259140015
0.21954500675201416
0.1430979073047638
0.2081700563430786
0.27341100573539734
0.13349531590938568
0.20240382850170135
0.3916567265987396
0.22139789164066315
0.13792428374290466
0.19678156077861786
0.2290136218070984
0.14364741742610931
0.24243073165416718
0.32152116298675537
0.16977472603321075
0.23874780535697937
0.3243887722492218
0.35401684045791626
0.17092402279376984
0.2153063267469406
0.22277124226093292
0.1526995748281479
0.22107307612895966
0.24859976768493652
0.16683383285999298
0.11992474645376205
0.21340295672416687
0.26461291313171387
0.24630862474441528
0.2094423919916153
0.288822203874588
0.19590914249420166
0.11622226238250732
0.21602021157741547
0.13530172407627106
0.13132590055465698
0.19931529462337494
0.21277719736099243
0.3198316991329193
0.1885755956172943
0.23986364901065826
0.2965162396430969
0.1941222846508026
0.16567398607730865
0.281042218208313
0.2359895259141922
0.15215043723583221
0.15604610741138458
0.23911930620670319
0.1466568559408188
0.11326795816421509
0.1368914246559143
0.19861304759979248
0.3211100697517395
0.47205933928489685
0.2984943985939026
0.31338363885879517
0.19909712672233582
0.24333810806274414
0.15324047207832336
0.20047733187675476
0.14992091059684753
0.16398540139198303
0.166298970580101
0.10824468731880188
0.11191638559103012
0.25580528378486633
0.14694586396217346
0.412327378988266
0.24589955806732178
0.21170300245285034
0.1955190896987915
0.18365992605686188
0.15826834738254547
0.20988406240940094
0.18646498024463654
0.15751615166664124
0.200157031416893
0.1601717323064804
0.2349243015050888
0.27183568477630615
0.24188734591007233
0.142865851521492
0.1652134358882904
0.11772084981203079
0.1588885337114334
0.16762380301952362
0.19062423706054688
0.21366140246391296
0.18074361979961395
0.13849228620529175
0.3387356698513031
0.11248889565467834
0.12058388441801071
0.1358030140399933
0.22890923917293549
0.19350551068782806
0.3668160140514374
0.22918151319026947
0.21702328324317932
0.15807946026325226
0.22488871216773987
0.20832587778568268
0.12035477161407471
0.10672173649072647
0.2887896001338959
0.4286775588989258
0.2427539974451065
0.38656535744667053
0.21570608019828796
0.25927507877349854
0.2180531769990921
0.20401392877101898
0.11509855091571808
0.1565871685743332
0.3411255478858948
0.17108777165412903
0.24293877184391022
0.22768664360046387
0.26869648694992065
0.12807804346084595
0.13914147019386292
0.2545929253101349
0.2510390281677246
0.2610655725002289
0.17115505039691925
0.19790561497211456
0.326488733291626
0.11859427392482758
0.15839342772960663
0.143057182431221
0.1468820571899414
0.2808614671230316
0.1371506154537201
0.20329947769641876
0.3225361704826355
0.32322388887405396
0.11014249175786972
0.17684437334537506
0.13722942769527435
0.23137231171131134
0.12731893360614777
0.3573964238166809
0.3239232301712036
0.24018645286560059
0.22864681482315063
0.16078805923461914
0.22187359631061554
0.28853967785835266
0.13680928945541382
0.1211480125784874
0.3659648299217224
0.12033374607563019
0.1409619003534317
0.303764671087265
0.14889641106128693
0.12117605656385422
0.13900505006313324
0.13111160695552826
0.26621976494789124
0.16106590628623962
0.2711647152900696
0.32405081391334534
0.2451697736978531
0.27982303500175476
0.14801464974880219
0.16050800681114197
0.16156911849975586
0.36858734488487244
0.2896214723587036
0.20892412960529327
0.3322412669658661
0.21076734364032745
0.23689264059066772
0.18939808011054993
0.1289074867963791
0.2044757753610611
0.11824160814285278
0.299564003944397
0.13652798533439636
0.22337444126605988
0.24442024528980255
0.2428632229566574
0.1117616519331932
0.20322279632091522
0.21845994889736176
0.3118792176246643
0.3064577281475067
0.157850980758667
0.1361684650182724
0.1356075406074524
0.31791025400161743
0.16360579431056976
0.16031084954738617
0.39587774872779846
0.13042256236076355
0.2607228457927704
0.10617533326148987
0.16441579163074493
0.18766459822654724
0.2144128829240799
0.19114403426647186
0.14387772977352142
0.14432097971439362
0.2398439645767212
0.23796091973781586
0.17229478061199188
0.261427104473114
0.21780900657176971
0.13900403678417206
0.1278819888830185
0.13308246433734894
0.17132256925106049
0.4324702024459839
0.3282797634601593
0.1725073754787445
0.18297426402568817
0.32522934675216675
0.15746627748012543
0.2835286557674408
0.2714258134365082
0.24145451188087463
0.2357669472694397
0.17481251060962677
0.13071276247501373
0.25788936018943787
0.30997201800346375
0.30263394117355347
0.21333204209804535
0.2346336394548416
0.2873540222644806
0.22436557710170746
0.12786832451820374
0.15794554352760315
0.17357082664966583
0.16142594814300537
0.12414264678955078
0.17543715238571167
0.12468171864748001
0.3830094635486603
0.16788451373577118
0.13334818184375763
0.1292138248682022
0.19301530718803406
0.22939229011535645
0.2805602252483368
0.21133635938167572
0.14927390217781067
0.22926899790763855
0.1619519740343094
0.2024991661310196
0.17760305106639862
0.1891571432352066
0.2052275389432907
0.18621554970741272
0.2180163413286209
0.1931757926940918
0.1351172775030136
0.34714585542678833
0.30624207854270935
0.25357189774513245
0.2606973648071289
0.2555543780326843
0.18069244921207428
0.2226337194442749
0.3177037835121155
0.13315752148628235
0.3817819058895111
0.3223920166492462
0.267276406288147
0.2227868288755417
0.20041458308696747
0.2991199195384979
0.17594316601753235
0.3326126039028168
0.15492784976959229
0.23781588673591614
0.1390906572341919
0.24993890523910522
0.18580713868141174
0.235719695687294
0.17895947396755219
0.12212957441806793
0.18202857673168182
0.2621709704399109
0.13551273941993713
0.23850978910923004
0.15274658799171448
0.16583113372325897
0.561111330986023
0.13752296566963196
0.19998976588249207
0.0992230549454689
0.19205451011657715
0.11041247844696045
0.33901074528694153
0.15088948607444763
0.10637541860342026
0.21482543647289276
0.18951812386512756
0.1892348676919937
0.3019911050796509
0.14466483891010284
0.2568304240703583
0.2164505422115326
0.1270531713962555
0.1974925845861435
0.3239400386810303
0.14062699675559998
0.31346243619918823
0.27595311403274536
0.0996922180056572
0.09927717596292496
0.17675349116325378
0.20320673286914825
0.11661779135465622
0.2860415279865265
0.3295055031776428
0.1651928573846817
0.19518321752548218
0.18423865735530853
0.23603446781635284
0.15694820880889893
0.2181074023246765
0.12653522193431854
0.16376130282878876
0.15301595628261566
0.1905430406332016
0.23784944415092468
0.18174780905246735
0.20262810587882996
0.2201608121395111
0.36768272519111633
0.1328282207250595
0.20900660753250122
0.20237421989440918
0.16560310125350952
0.2538599669933319
0.18873752653598785
0.22045183181762695
0.4593709707260132
0.28478220105171204
0.16053657233715057
0.27229470014572144
0.24545741081237793
0.12588642537593842
0.14109987020492554
0.15227018296718597
0.4357118308544159
0.2947204113006592
0.1561596542596817
0.10495667159557343
0.2005816102027893
0.2310890257358551
0.16571982204914093
0.2897298038005829
0.3216225504875183
0.28283238410949707
0.2128477841615677
0.18364007771015167
0.22565865516662598
0.3117729127407074
0.13365407288074493
0.4010084867477417
0.2762124538421631
0.1762823611497879
0.14001092314720154
0.17584577202796936
0.12106063216924667
0.1756879985332489
0.17929154634475708
0.2576354146003723
0.18446701765060425
0.2776825726032257
0.13720080256462097
0.3956376314163208
0.17867977917194366
0.13532476127147675
0.1928974986076355
0.17698459327220917
0.25922074913978577
0.1999039202928543
0.1251164972782135
0.1881062239408493
0.16640427708625793
0.10806440562009811
0.35755491256713867
0.14676892757415771
0.23760302364826202
0.25121888518333435
0.15443214774131775
0.11913805454969406
0.11324238777160645
0.30041900277137756
0.4417254328727722
0.27577757835388184
0.18718019127845764
0.18688663840293884
0.13794606924057007
0.11440501362085342
0.33111920952796936
0.14472238719463348
0.12096845358610153
0.17239509522914886
0.12130327522754669
0.11273340880870819
0.27250468730926514
0.13337081670761108
0.12515950202941895
0.11332838237285614
0.13987381756305695
0.16439037024974823
0.1537156105041504
0.16227386891841888
0.14860056340694427
0.301717072725296
0.1811998337507248
0.2756694257259369
0.1509869545698166
0.22467640042304993
0.3135870099067688
0.1335374116897583
0.17868904769420624
0.24107064306735992
0.1423548012971878
0.18544481694698334
0.1587546169757843
0.201696515083313
0.2799552083015442
0.34031373262405396
0.19171321392059326
0.2937454283237457
0.10440037399530411
0.2604573369026184
0.1642792522907257
0.12851500511169434
0.18382501602172852
0.24433337152004242
0.14622443914413452
0.2130839079618454
0.14951039850711823
0.3861934542655945
0.266680508852005
0.23143701255321503
0.2290579229593277
0.1379460245370865
0.1643630713224411
0.18768247961997986
0.14358806610107422
0.1500559002161026
0.14826762676239014
0.23705941438674927
0.31633687019348145
0.35511600971221924
0.3247780203819275
0.18130193650722504
0.15975461900234222
0.16036944091320038
0.11504500359296799
0.23292624950408936
0.18027560412883759
0.11805368214845657
0.18183065950870514
0.2461090385913849
0.2475430816411972
0.1869857758283615
0.18484309315681458
0.1452358365058899
0.2418321818113327
0.18625696003437042
0.1561916321516037
0.13669976592063904
0.267423540353775
0.24874478578567505
0.14845772087574005
0.12343201786279678
0.16391414403915405
0.3907427191734314
0.23724490404129028
0.19884224236011505
0.1853436976671219
0.18199466168880463
0.16241608560085297
0.18512117862701416
0.2143343836069107
0.15134282410144806
0.14567755162715912
0.17535071074962616
0.14574195444583893
0.26427021622657776
0.1427093744277954
0.16765224933624268
0.2084602266550064
0.11638465523719788
0.13918158411979675
0.12739308178424835
0.1782698631286621
0.1252029538154602
0.28752049803733826
0.16112087666988373
0.16399236023426056
0.19508174061775208
0.264415979385376
0.18024809658527374
0.30661138892173767
0.11874496936798096
0.14493514597415924
0.2501865327358246
0.202500119805336
0.12348873168230057
0.15701092779636383
0.24376986920833588
0.39763909578323364
0.20052170753479004
0.1162833496928215
0.11430615931749344
0.17429950833320618
0.20328763127326965
0.18130239844322205
0.2118874490261078
0.11997752636671066
0.13979071378707886
0.2906729578971863
0.1385212391614914
0.17046096920967102
0.20286236703395844
0.17295312881469727
0.5850043296813965
0.24378858506679535
0.3087832033634186
0.2135019153356552
0.17706190049648285
0.20327968895435333
0.1576247364282608
0.23600834608078003
0.13317519426345825
0.21032829582691193
0.18249116837978363
0.33186736702919006
0.20138706266880035
0.09560589492321014
0.25118812918663025
0.21267132461071014
0.18694612383842468
0.2842092216014862
0.23939642310142517
0.13287362456321716
0.3080560266971588
0.19751553237438202
0.1648349016904831
0.15515805780887604
0.31047335267066956
0.14921730756759644
0.18238282203674316
0.12282361090183258
0.1235511302947998
0.2029750496149063
0.2643040120601654
0.14625442028045654
0.11290496587753296
0.1362263262271881
0.23691974580287933
0.16281108558177948
0.19054237008094788
0.22279904782772064
0.26464223861694336
0.17138776183128357
0.25349363684654236
0.25326839089393616
0.40291327238082886
0.16179804503917694
0.3257043957710266
0.24958741664886475
0.23121628165245056
0.35663241147994995
0.16085554659366608
0.1695181131362915
0.13770447671413422
0.20667628943920135
0.17110109329223633
0.1255740225315094
0.11743980646133423
0.160401850938797
0.17120805382728577
0.24733012914657593
0.10259953886270523
0.22963771224021912
0.27219197154045105
0.21016442775726318
0.2931351363658905
0.14159800112247467
0.23200298845767975
0.1663699746131897
0.1440460979938507
0.23741568624973297
0.1915980726480484
0.14880748093128204
0.2035972774028778
0.21240495145320892
0.17328879237174988
0.2559445798397064
0.17394733428955078
0.19931191205978394
0.10921653360128403
0.20442679524421692
0.21947526931762695
0.10326825082302094
0.17459505796432495
0.12295078486204147
0.28948867321014404
0.15563328564167023
0.18221820890903473
0.16751225292682648
0.10080832242965698
0.11320274323225021
0.17720428109169006
0.16762006282806396
0.12356215715408325
0.1767207533121109
0.1462889313697815
0.12244643270969391
0.1700318157672882
0.1446259468793869
0.22292421758174896
0.12196284532546997
0.19295664131641388
