0.9376787543296814
1.037719488143921
0.9790011644363403
1.007698655128479
0.9176190495491028
0.9643723368644714
0.9776778817176819
0.9204056262969971
0.9305360913276672
0.9802547097206116
1.0313172340393066
0.9340860843658447
0.9946563839912415
0.9271479845046997
0.9233245849609375
0.9160089492797852
0.9096719026565552
0.9691603779792786
0.9654339551925659
0.944274365901947
1.0262200832366943
0.948104202747345
1.0170005559921265
0.9286768436431885
0.9972307682037354
0.8583970665931702
0.9056850075721741
0.8804243206977844
1.006848931312561
0.9491721391677856
0.8753337860107422
0.8671841621398926
0.8677907586097717
0.8586624264717102
0.7915456891059875
0.744334876537323
0.9030706882476807
0.9118386507034302
0.7797840237617493
0.7276723980903625
0.7762507200241089
0.8952988386154175
0.8780072927474976
0.8222206234931946
0.8896281123161316
0.7344525456428528
0.7412512302398682
0.8035226464271545
0.7466807961463928
0.7794363498687744
0.7746303677558899
0.7972801923751831
0.7259278893470764
0.837940514087677
0.6719889044761658
0.763367235660553
0.7943207025527954
0.7944872975349426
0.7946919202804565
0.8503661751747131
0.7542650103569031
0.9138291478157043
0.7610408067703247
0.7334499359130859
0.8372849225997925
0.7578951120376587
0.7500492334365845
0.7172108888626099
0.6926753520965576
0.7255497574806213
0.8854038119316101
0.778188169002533
0.7410719990730286
0.6770657300949097
0.7699060440063477
0.7751163840293884
0.6673986315727234
0.9495108127593994
0.6923174262046814
0.6403540372848511
0.6847847104072571
0.6583284139633179
0.8181049227714539
0.7226702570915222
0.7111445069313049
0.7465593218803406
0.7334750294685364
0.8199211359024048
0.7915728092193604
0.7593061923980713
0.869644820690155
0.7673548460006714
0.7112095952033997
0.7530778646469116
0.6994917988777161
0.7516305446624756
0.7286823391914368
0.7825831174850464
0.7060498595237732
0.7133051156997681
0.7348844408988953
0.6281000971794128
0.7181914448738098
0.76503586769104
0.7115956544876099
0.8534147143363953
0.7245643734931946
0.8137385249137878
0.7098269462585449
0.7769178748130798
0.8339447975158691
0.8921807408332825
0.6699660420417786
0.6618229746818542
0.682946503162384
0.6773295998573303
0.7200198769569397
0.7444944381713867
0.7061098217964172
0.7752091884613037
0.6886990666389465
0.7651669383049011
0.7332619428634644
0.6651020050048828
0.7915868759155273
0.7500065565109253
0.745151162147522
0.6675701141357422
0.7220268249511719
0.756290078163147
0.783216655254364
0.7357378005981445
0.6249607801437378
0.7272788882255554
0.6621065139770508
0.7223283052444458
0.7063230872154236
0.6862085461616516
0.8128894567489624
0.6775636672973633
0.7339470982551575
0.8763291835784912
0.7306089401245117
0.75533527135849
0.6423915028572083
0.6940286755561829
0.7178346514701843
0.7944386005401611
0.7488333582878113
0.7674932479858398
0.6767857074737549
0.7074755430221558
0.5968182682991028
0.8069514036178589
0.6738187074661255
0.7788029909133911
0.7338050007820129
0.6654829382896423
0.654995322227478
0.762223482131958
0.7049537301063538
0.7815210223197937
0.7054552435874939
0.6941287517547607
0.7341894507408142
0.7843847274780273
0.6609523892402649
0.7151408195495605
0.7235479950904846
0.7374417185783386
0.7164435982704163
0.6700975894927979
0.6512289047241211
0.7484672665596008
0.7481439709663391
0.7558584809303284
0.6507972478866577
0.7687109112739563
0.7938503623008728
0.7445403337478638
0.6423586010932922
0.6437471508979797
0.7108177542686462
0.711938738822937
0.7479231953620911
0.5776609778404236
0.7469292879104614
0.8580107092857361
0.8445670008659363
0.7019109725952148
0.7689940333366394
0.8409984111785889
0.7127982974052429
0.7319753170013428
0.6511448621749878
0.8630469441413879
0.7364685535430908
0.7908493876457214
0.6487100124359131
0.7642220258712769
0.6049318313598633
0.7443269491195679
0.6789126396179199
0.7774109244346619
0.6929953694343567
0.76332688331604
0.7234818339347839
0.6576449871063232
0.6955216526985168
0.7163473963737488
0.7362467646598816
0.7253478169441223
0.812687337398529
0.5794575810432434
0.6547774076461792
0.740704357624054
0.6878657341003418
0.7393699288368225
0.5795522332191467
0.6069051027297974
0.7001360058784485
0.7190554738044739
0.7699147462844849
0.6819997429847717
0.6674903035163879
0.7231209874153137
0.709786057472229
0.7495312094688416
0.6991608738899231
0.8560162782669067
0.7562817335128784
0.7947353720664978
0.793600857257843
0.6392791867256165
0.7269079685211182
0.7740314602851868
0.7536661028862
0.7653703689575195
0.7196463346481323
0.7192652821540833
0.6978572607040405
0.6804843544960022
0.760942280292511
0.824345588684082
0.7642605900764465
0.7162952423095703
0.6878945231437683
0.9118685126304626
0.6889015436172485
0.7796445488929749
0.6931694746017456
0.749697744846344
0.730542004108429
0.6710755228996277
0.7762186527252197
0.6421418190002441
0.8120104670524597
0.8520218729972839
0.7398267388343811
0.7514179348945618
0.6695844531059265
0.9014112949371338
0.6840691566467285
0.7261765599250793
0.6238939762115479
0.7112224102020264
0.7933943867683411
0.7550109028816223
0.6665790677070618
0.7105733752250671
0.8385344743728638
0.7180611491203308
0.6677114963531494
0.7369459271430969
0.6893635988235474
0.7099308371543884
0.7534005641937256
0.6780840158462524
0.6703855991363525
0.6887518763542175
0.7529959082603455
0.8102524280548096
0.7019498348236084
0.6851035356521606
0.726340115070343
0.6954288482666016
0.707443356513977
0.89924556016922
0.7852046489715576
0.6701073050498962
0.7383164763450623
0.7709409594535828
0.7656790614128113
0.6926906704902649
0.6977893710136414
0.6118662357330322
0.7049437165260315
0.7064186930656433
0.7972796559333801
0.7283183932304382
0.7297868728637695
0.7330141067504883
0.6901134848594666
0.778314471244812
0.7408214211463928
0.7164776921272278
0.6518654227256775
0.7436099052429199
0.7159364223480225
0.9310063123703003
0.6236058473587036
0.7102091908454895
0.913456916809082
0.9018805027008057
0.6493579149246216
0.7415612936019897
0.588464081287384
0.6947922110557556
0.7638614177703857
0.6393554210662842
0.6707281470298767
0.7735503315925598
0.7234032154083252
0.6757049560546875
0.7086657285690308
0.7629721164703369
0.6870971322059631
0.6449708938598633
0.7039424180984497
0.7311723828315735
0.8013349175453186
0.765554666519165
0.6991276144981384
0.6988164782524109
0.7606094479560852
0.6498461365699768
0.6933687329292297
0.6893974542617798
0.6916342377662659
0.6928173303604126
0.7640785574913025
0.6621778607368469
0.7950575351715088
0.6563718914985657
0.7067630887031555
0.8358932137489319
0.6912096738815308
0.7429949045181274
0.859211802482605
0.7852054238319397
0.6852741241455078
0.7608059048652649
0.6824191212654114
0.7342284321784973
0.7805951833724976
0.7380675077438354
0.8116034269332886
0.7556100487709045
0.6721013188362122
0.6416271924972534
0.7897395491600037
0.6906827092170715
0.7627441883087158
0.7264482378959656
0.992049515247345
0.7263324856758118
0.70036381483078
0.6571463346481323
0.8053624033927917
0.7241024374961853
0.7111502885818481
0.7385642528533936
0.9128376841545105
0.650570273399353
0.63905930519104
0.8129441142082214
0.7075846195220947
0.7551847100257874
0.7145474553108215
0.7029004096984863
0.7324416637420654
0.6610804200172424
0.7013832926750183
0.7143028974533081
0.7222474217414856
0.7121261954307556
0.7275941967964172
0.9169953465461731
0.7188141942024231
0.7651284337043762
0.7851884961128235
0.7232557535171509
0.6488275527954102
0.7291255593299866
0.6617711782455444
0.9364912509918213
0.6732586026191711
0.7379369735717773
0.7699437141418457
0.7154147624969482
0.6635919213294983
0.6700609922409058
0.6921427845954895
0.7332890033721924
0.6530194878578186
0.684283971786499
0.7735550403594971
0.6955320239067078
0.8717758059501648
0.7640155553817749
0.8293879628181458
0.7458412647247314
0.7107689380645752
0.7470219135284424
0.6514309048652649
0.7080252766609192
0.8904917240142822
0.7080424427986145
0.6722027659416199
0.7315124869346619
0.7782192230224609
0.6417142748832703
0.6934837102890015
0.7013475894927979
0.7003047466278076
0.7372874021530151
0.6430506110191345
0.6518874764442444
0.7556290030479431
0.697037398815155
0.6960190534591675
0.7289711833000183
0.8228082656860352
0.8938518166542053
0.7481642961502075
0.7052872180938721
0.7674407958984375
0.7338431477546692
0.7011942267417908
0.7502354383468628
0.7332751154899597
0.7925119400024414
0.6709209084510803
0.7288435697555542
0.6894143223762512
0.7446207404136658
0.7885188460350037
0.6853564381599426
0.6776483654975891
0.7410940527915955
0.7020769119262695
0.7240621447563171
0.6775126457214355
0.7623030543327332
0.6856691241264343
0.7714806199073792
0.6698671579360962
0.7488296627998352
0.7676810026168823
0.8242807388305664
0.7582113146781921
0.7270338535308838
0.688283383846283
0.7659637928009033
0.6720893383026123
0.679627001285553
0.6523997783660889
0.7141303420066833
0.6944146752357483
0.6936675310134888
0.6266083121299744
0.7318985462188721
0.6921664476394653
0.6767264604568481
0.6955156326293945
0.8184410929679871
0.6586164832115173
0.7240291833877563
0.6723312735557556
0.6309248805046082
0.7267165780067444
0.6671683192253113
0.8610730767250061
0.7809016108512878
0.9019095301628113
0.7316156625747681
0.6691380739212036
0.8068300485610962
0.7222933173179626
0.764008641242981
0.6818886995315552
0.6890489459037781
0.6828550100326538
0.7842272520065308
0.6749758124351501
0.7814463376998901
0.5780916810035706
0.6533025503158569
0.8445112705230713
0.7020262479782104
0.714866042137146
0.6755692362785339
0.8057025074958801
0.862736165523529
0.7134695649147034
0.6479300856590271
0.6359282732009888
0.6526476144790649
0.6930153369903564
0.9343107342720032
0.8060720562934875
0.6545478105545044
0.8367018103599548
0.6783693432807922
0.7033365368843079
0.8317625522613525
0.7060160040855408
0.6509565711021423
0.6318535208702087
0.7153864502906799
0.8458647727966309
0.843277096748352
0.717136800289154
0.725091814994812
0.6994898319244385
0.7387247085571289
0.6671473383903503
0.6984103322029114
0.758545994758606
0.6723854541778564
0.768294632434845
0.6729241609573364
0.7088830471038818
0.7771881222724915
0.7585806846618652
0.7701625823974609
0.653605580329895
0.9348884224891663
0.686789333820343
0.7903745770454407
0.7466242909431458
0.7386158108711243
0.7189945578575134
0.6407291889190674
0.6710274815559387
0.6922056078910828
0.7142699956893921
0.6471390724182129
0.8054644465446472
0.7344160079956055
0.6535528898239136
0.6882769465446472
0.6662238240242004
0.698546290397644
0.675325870513916
0.7769396901130676
0.6332703232765198
0.6889565587043762
0.7266892194747925
0.7763177156448364
0.8855838775634766
0.73213130235672
0.6320423483848572
0.7585858106613159
0.712990403175354
0.5759247541427612
0.6989572644233704
0.7236346006393433
0.779986560344696
0.7004707455635071
0.742726743221283
0.7452335357666016
0.6857151389122009
0.7430260181427002
0.6852376461029053
0.6634857654571533
0.6644240617752075
0.6552349925041199
0.6455495357513428
0.7237606048583984
0.7351570129394531
0.7242868542671204
0.700778067111969
0.7259309887886047
0.7646191120147705
0.6569598317146301
0.6679813861846924
0.6657377481460571
0.6960795521736145
0.6672849059104919
0.7378402352333069
0.7658808827400208
0.7469768524169922
0.6882652640342712
0.7336016297340393
0.7122419476509094
0.6804907917976379
0.7864904999732971
0.8537909984588623
0.7243998050689697
0.8427762985229492
0.6788488030433655
0.712131679058075
0.6668685078620911
0.6483343839645386
0.6706317067146301
0.6229402422904968
0.7383567094802856
0.708104133605957
0.6867725849151611
0.7146056294441223
0.731935977935791
0.7116268277168274
0.7739284634590149
0.643341600894928
0.7437657117843628
0.6877333521842957
0.7022917866706848
0.6226628422737122
0.6700674891471863
0.7001026272773743
0.6099112033843994
0.705802857875824
0.8210946321487427
0.6826667189598083
0.6401302218437195
0.6992602348327637
0.7002679109573364
0.6487095355987549
0.7458667755126953
0.8777658939361572
0.8289156556129456
0.68516606092453
0.6606848835945129
0.6894422173500061
0.6792418360710144
0.7018608450889587
0.6833088994026184
0.811941921710968
0.7595670223236084
0.6253908276557922
0.6843973994255066
0.8654616475105286
0.7621023058891296
0.6790916919708252
0.6932411789894104
0.8111000061035156
0.8447108268737793
0.7220590114593506
0.8154982328414917
0.6950086951255798
0.7452167868614197
0.746412456035614
0.6671611666679382
0.7509327530860901
0.6198813915252686
0.7257593870162964
0.6557887196540833
0.6502811908721924
0.6536173224449158
0.6796809434890747
0.786431610584259
0.7123260498046875
0.701095461845398
0.7082818150520325
0.78435879945755
0.7553482055664062
0.6925592422485352
0.6517237424850464
0.754859209060669
0.6944794654846191
0.6630569100379944
0.6472552418708801
0.7460839748382568
0.6777296662330627
0.7882458567619324
0.7683850526809692
0.7183985710144043
0.7586932182312012
0.6488227844238281
0.6210630536079407
0.6972236633300781
0.6954230666160583
0.7026280164718628
0.7133232951164246
0.6280137300491333
0.7427394390106201
0.6770289540290833
0.7810486555099487
0.7787078022956848
0.6731537580490112
0.6713509559631348
0.7484021186828613
0.7958874106407166
0.6699830293655396
0.8146128058433533
0.7184903025627136
0.7571327686309814
0.8121162056922913
0.7042223811149597
0.6671742796897888
0.7059086561203003
0.6653077602386475
0.7078172564506531
0.6873828172683716
0.6970566511154175
0.7009093165397644
0.6257985234260559
0.6924713253974915
0.7047509551048279
0.6411246061325073
0.6457339525222778
0.7510174512863159
0.744267463684082
0.6933147311210632
0.8019276857376099
0.7224686741828918
0.7469776272773743
0.6908131837844849
0.7060491442680359
0.6990349292755127
0.7143048048019409
0.7721023559570312
0.7172594666481018
0.6962231397628784
0.8461865186691284
0.7647119164466858
0.7147425413131714
0.7566897869110107
0.8073650002479553
0.7048776745796204
0.7074742913246155
0.6608761548995972
0.6113845109939575
0.7651440501213074
0.7190425395965576
0.6973694562911987
0.782686710357666
0.693654477596283
0.7952316403388977
0.667744517326355
0.7193776369094849
0.7045112252235413
0.7348928451538086
0.7143918871879578
0.6833693385124207
0.6907730102539062
0.6833146214485168
0.698517382144928
0.7070842981338501
0.7009912133216858
0.670587420463562
0.6356868147850037
0.7412565350532532
0.6806471347808838
0.7115839123725891
0.7681825757026672
0.7414957880973816
0.6580573916435242
0.6936606168746948
0.6571768522262573
0.6621965169906616
0.8245030641555786
0.6535331010818481
0.7105346322059631
0.60466068983078
0.78156977891922
0.6918080449104309
0.7336868643760681
0.756129801273346
0.6264675259590149
0.6889036297798157
0.6548359990119934
0.6368221044540405
0.6474211812019348
0.699357807636261
0.7786272168159485
0.7861212491989136
0.6757135391235352
0.7067692279815674
0.7554298043251038
0.7000635862350464
0.7723845839500427
0.7515004277229309
0.6877614259719849
0.6512866616249084
0.7235496044158936
0.6832284927368164
0.7747535705566406
0.6486608386039734
0.8919029235839844
0.6801260113716125
0.759560763835907
0.6938239932060242
0.8276203274726868
0.7334126830101013
0.8199865818023682
0.772828996181488
0.7630921602249146
0.7009519934654236
0.6988685131072998
0.6474384665489197
0.803432047367096
0.7824784517288208
0.6664383411407471
0.7030460834503174
0.6765010952949524
0.7450080513954163
0.7102985382080078
0.6663494110107422
0.6974804997444153
0.7959437966346741
0.7111951112747192
0.6777241230010986
0.6979624629020691
0.6931102275848389
0.6994646191596985
0.7939357757568359
1.077425241470337
0.6950918436050415
0.6578437089920044
0.7147752642631531
0.7569077014923096
0.7373873591423035
0.7056124210357666
0.6723682284355164
0.6620075702667236
0.7570642828941345
0.6843088865280151
0.7023957371711731
0.6834052205085754
0.8212346434593201
0.6918848156929016
0.8098124265670776
0.666968047618866
0.7657173871994019
0.853911817073822
0.7838526368141174
0.698668897151947
0.6568328142166138
0.5727218985557556
0.7006405591964722
0.6749957203865051
0.7100445628166199
0.6229760050773621
0.7264352440834045
0.8415765762329102
0.9110766649246216
0.7095139622688293
0.7222306728363037
0.6533319354057312
0.7266963124275208
0.7217090725898743
0.8125680088996887
0.6932089328765869
0.6117756962776184
0.6788723468780518
0.6239049434661865
0.7012913227081299
0.7481846213340759
0.8290719389915466
0.6614859700202942
0.7381409406661987
0.6144537329673767
0.745557963848114
0.7506533265113831
0.7991238832473755
0.6693015694618225
0.6727296113967896
0.7240240573883057
0.7261039018630981
0.7206519246101379
0.7337155342102051
0.6978974938392639
0.6704216599464417
0.627191424369812
0.6239434480667114
0.7104898691177368
0.6726791858673096
0.6873649954795837
0.686779260635376
0.6188485622406006
0.7089262008666992
0.8006923794746399
0.7327221035957336
0.626291811466217
0.7320371270179749
0.6982448697090149
0.6801019310951233
0.6776673197746277
0.7196181416511536
0.6250112652778625
0.7314436435699463
0.7053449749946594
0.7199913859367371
0.8078477382659912
0.654886782169342
0.8178693056106567
0.690535843372345
0.7335581183433533
0.6981484293937683
0.6665098667144775
0.685171902179718
0.680676281452179
0.7052322030067444
0.8439409136772156
0.7187592387199402
0.6974731087684631
0.762833297252655
0.6543560028076172
0.7133175730705261
0.7018977403640747
0.7414692044258118
0.6594907641410828
0.6736573576927185
0.6670330166816711
0.7803261280059814
0.6823260188102722
0.6295592188835144
0.7343831658363342
0.6593232750892639
0.6696049571037292
0.7396383285522461
0.720108151435852
0.7457125782966614
0.7229037284851074
0.6255456209182739
0.6754916310310364
0.7626656293869019
0.6781288981437683
0.8577243089675903
0.6980988383293152
0.7633030414581299
0.8267338871955872
1.0281234979629517
0.5946142673492432
0.7197393774986267
0.707679033279419
0.8600484132766724
0.7963607311248779
0.6331653594970703
0.6932417154312134
0.7112747430801392
0.7325430512428284
0.7686932682991028
0.7413177490234375
0.7853608131408691
0.7225905060768127
0.7014897465705872
0.7271559834480286
0.867705225944519
0.6917057037353516
0.8389574289321899
0.6275503039360046
0.8069027662277222
0.7179754376411438
0.6352323293685913
0.6611746549606323
0.7603862881660461
0.6650698781013489
0.6821721792221069
0.7591867446899414
0.6727613806724548
0.8062446713447571
0.6376561522483826
0.6148719191551208
0.7328314185142517
0.6623871922492981
0.6748626828193665
0.7373140454292297
0.7179720997810364
0.691581666469574
0.7928181886672974
0.6594513654708862
0.7119130492210388
0.6388220191001892
0.7509629726409912
0.7953589558601379
0.7174479365348816
0.7523127794265747
0.6614975333213806
0.715370237827301
0.6679258346557617
0.6467879414558411
0.7304658889770508
0.6627037525177002
0.7659189105033875
0.8122663497924805
0.7279648184776306
0.74550461769104
0.6969540119171143
0.7403773069381714
0.713424563407898
0.7180296778678894
0.6675191521644592
0.7554810047149658
0.7663962244987488
0.692748486995697
0.6907271146774292
0.6776613593101501
0.6744831204414368
0.5686315894126892
0.711931586265564
0.6542932987213135
0.6547480821609497
0.6425197720527649
0.6014044880867004
0.7148267030715942
0.6825874447822571
0.7228454947471619
0.6442393064498901
0.7919843792915344
0.62786465883255
0.7361485362052917
0.6618941426277161
0.6906811594963074
0.6233806610107422
0.6037055253982544
0.7074695825576782
0.6885796189308167
0.6420368552207947
0.6207950711250305
0.7438504695892334
0.6262205243110657
0.7290566563606262
0.7258895039558411
0.6729137897491455
0.6682209968566895
0.6874313354492188
0.7545726299285889
0.725197970867157
0.6166083216667175
0.804127037525177
0.6366051435470581
0.7208871841430664
0.6594918370246887
0.7443792819976807
0.6787518262863159
0.7467070817947388
0.7068894505500793
0.684695839881897
0.7027082443237305
0.7146156430244446
0.6899861693382263
0.6133759617805481
0.6910675168037415
0.6372472047805786
0.52273029088974
0.766544759273529
0.6062910556793213
0.8073931336402893
0.6919698715209961
0.7069661021232605
0.6232064366340637
0.7088649868965149
0.6598304510116577
0.71363365650177
0.7217408418655396
0.6668239235877991
0.693731963634491
0.6648094654083252
0.723720371723175
0.6728628873825073
0.7927044034004211
0.6653191447257996
0.7426320314407349
0.6913747787475586
0.6656048893928528
0.6690495014190674
0.7328393459320068
0.791396975517273
0.6417681574821472
0.672132670879364
0.7003948092460632
0.675892174243927
0.779651403427124
0.7059274315834045
0.6579428911209106
0.8124130368232727
0.7152433395385742
0.7344242930412292
0.6418945789337158
0.778245747089386
0.6560821533203125
0.6683223843574524
0.8425517082214355
0.716834306716919
0.6851022243499756
0.6797136068344116
0.7294886112213135
0.8902801871299744
0.6465595960617065
0.7277315855026245
0.7952836155891418
0.7688530087471008
0.6498129963874817
0.6672766208648682
0.6313174366950989
0.6473998427391052
0.8131986260414124
0.6841893792152405
0.7906431555747986
0.7080041170120239
0.7207211256027222
0.6385523080825806
0.7439016699790955
0.6610945463180542
0.6578481197357178
0.7587348222732544
0.6365845203399658
0.6172254681587219
0.7230274677276611
0.6513870358467102
0.7367390394210815
0.6950899958610535
0.745153546333313
0.6667504906654358
0.705882728099823
0.6776512265205383
0.6936400532722473
0.6735034584999084
0.6936309933662415
0.754231333732605
0.6830158829689026
0.6877971291542053
0.6564328074455261
0.7086288332939148
0.7418918609619141
0.7571074366569519
0.7871708869934082
0.8156457543373108
0.7049463391304016
0.6889697313308716
0.7085358500480652
0.6916071772575378
0.6916519999504089
0.69292151927948
0.646977961063385
0.6516163945198059
0.7267180681228638
0.6810839176177979
0.9539507031440735
0.6864413022994995
0.7808440327644348
0.6372514367103577
0.6570221781730652
0.6847551465034485
0.8041113615036011
0.6518822908401489
0.6365537047386169
0.7186588644981384
0.7139214277267456
0.6618762612342834
0.6695627570152283
0.7275558710098267
0.6450245380401611
0.7366579174995422
0.7717541456222534
0.6560226678848267
0.7099068760871887
0.6370634436607361
0.6472076773643494
0.6713618636131287
0.7037246823310852
0.6903308033943176
0.8364617228507996
0.846847414970398
0.7641898393630981
0.7568871378898621
0.7111608982086182
0.579139232635498
0.6436675786972046
0.8265044093132019
0.6612055897712708
0.6688675284385681
0.7164167165756226
0.6273118257522583
0.6361532807350159
0.6979174017906189
0.7094510197639465
0.7061012387275696
0.7509328126907349
0.6506093740463257
0.7806968688964844
0.6340535283088684
0.7429270148277283
0.6602399945259094
0.775111973285675
0.5733466148376465
0.6591134667396545
0.8064559102058411
0.662734866142273
0.7729617357254028
0.7353520393371582
0.7345585227012634
0.8134489059448242
0.6585634350776672
0.6204107403755188
0.7613486051559448
0.6360769271850586
0.7223825454711914
0.7580612301826477
0.7364404797554016
0.6534260511398315
0.7080896496772766
0.6653143167495728
0.7232162356376648
0.8211775422096252
0.676927387714386
0.8823880553245544
0.7494020462036133
0.7113869786262512
0.7098950743675232
0.8375293016433716
0.6860978603363037
0.6652727127075195
0.6797672510147095
0.6162101626396179
0.703171968460083
0.6983221173286438
0.6467188000679016
0.8241938352584839
0.6520503163337708
0.7612959742546082
0.6708424687385559
0.6555886268615723
0.6366986036300659
0.7105553150177002
0.7044856548309326
0.7043873071670532
0.7284414768218994
0.671872079372406
0.6290203928947449
0.7442169189453125
0.6945773959159851
0.7396750450134277
0.6300175786018372
0.6637739539146423
0.6174750924110413
0.6967147588729858
0.630143404006958
0.6417755484580994
0.6939257383346558
0.6707778573036194
0.6394569873809814
0.6041367650032043
0.6257857084274292
0.7158526182174683
0.6085723042488098
0.7763773798942566
0.6719416379928589
0.5976033806800842
0.7790917158126831
0.7269073128700256
0.688524603843689
0.7610636949539185
0.6564319729804993
0.6195231676101685
0.6748978495597839
0.8849969506263733
0.7761253714561462
0.8440231084823608
0.6226983070373535
0.7050393223762512
0.744065523147583
0.7855628132820129
0.7018594741821289
0.7389390468597412
0.6408766508102417
0.6520795822143555
0.7259609699249268
0.6375032067298889
0.691624104976654
0.8102999925613403
0.6845000386238098
0.6411197781562805
0.6743722558021545
0.7689613699913025
0.677837610244751
0.6421102285385132
0.6729477047920227
0.76299649477005
0.7818867564201355
0.6619834303855896
0.7478156089782715
0.7132562398910522
0.6589130163192749
0.6986834406852722
0.6436730623245239
0.7974646687507629
0.7714064717292786
0.7306184768676758
0.689030647277832
0.6840514540672302
0.8807711005210876
0.6860290765762329
0.8625847697257996
0.7136890888214111
0.689378559589386
0.5930441617965698
0.7208975553512573
0.6600392460823059
0.663347065448761
0.8072815537452698
0.7431738376617432
0.6608585715293884
0.6783731579780579
0.7321581840515137
0.7306158542633057
0.7265618443489075
0.7940776944160461
0.7576208114624023
0.686420738697052
0.7006391882896423
0.7007288932800293
0.7827601432800293
0.7865176796913147
0.7260605692863464
0.6593948602676392
0.6580316424369812
0.7374196648597717
0.6806068420410156
0.7645366787910461
0.6973137855529785
0.7332671880722046
0.6888325810432434
0.7628548741340637
0.7248251438140869
0.5748640894889832
0.640966534614563
0.75108802318573
0.7699519395828247
0.6995490193367004
0.7142277359962463
0.7252534031867981
0.6676800847053528
0.6991079449653625
0.7165858149528503
0.6971906423568726
0.6682335734367371
0.7035782337188721
0.6851727366447449
0.7683911919593811
0.7441820502281189
0.7615482807159424
0.6532607674598694
0.6635059714317322
0.7564506530761719
0.930231511592865
0.6642408967018127
0.6692627668380737
0.7449678182601929
0.6138126850128174
0.6797783374786377
0.7270128726959229
0.7689135074615479
0.6961491107940674
0.7348564267158508
0.7746557593345642
0.6676934361457825
0.7546313405036926
0.6915028691291809
0.704149067401886
0.7015962600708008
0.6841915249824524
0.7273286581039429
0.7457470297813416
0.727726399898529
0.7573840022087097
0.7940149307250977
0.6277632117271423
0.6399067640304565
0.748290479183197
0.6744779944419861
0.862665593624115
0.7071643471717834
0.7264378666877747
0.6214712262153625
0.6466519832611084
0.7754848003387451
0.6624886393547058
0.6221041083335876
0.7812641859054565
0.6741997599601746
0.6025385856628418
0.7071331739425659
0.6590139865875244
0.728297233581543
0.9654863476753235
0.7742905020713806
0.7377110719680786
0.6982123255729675
0.694298267364502
0.7771884202957153
0.7608372569084167
0.6841573715209961
0.6750382781028748
0.7784580588340759
0.6470815539360046
0.6908944845199585
0.6984915137290955
0.6745700240135193
0.6612129211425781
0.661006510257721
0.7334056496620178
0.6842405200004578
