0.9491725564002991
0.9461179375648499
1.150018572807312
0.9465821385383606
1.0134105682373047
1.0867044925689697
1.0715978145599365
0.9449080228805542
0.9539807438850403
1.0234894752502441
1.0796144008636475
0.9390357136726379
0.9483413696289062
0.9710121154785156
0.9250755310058594
1.1073025465011597
1.0358229875564575
0.9469839930534363
0.925715446472168
1.0406380891799927
0.9643452763557434
1.0393015146255493
0.9473351240158081
0.9663528800010681
0.9548425674438477
0.9662200212478638
0.9381885528564453
0.8935676217079163
1.0419867038726807
0.9490379691123962
0.9740418195724487
1.116638422012329
0.9566782116889954
0.8972886204719543
0.9147684574127197
0.9112588167190552
0.9782422184944153
0.886440098285675
0.9040871858596802
0.8876821398735046
0.9006114602088928
0.9577906131744385
0.875804603099823
0.8765778541564941
0.8986871838569641
0.8921663761138916
0.8766520619392395
0.8590679168701172
0.9684789776802063
0.9253023862838745
0.8971713185310364
0.8451470136642456
0.8566598892211914
0.8897596001625061
0.9642444252967834
0.8331144452095032
0.8789368271827698
0.9101317524909973
0.8694543838500977
0.8505342602729797
0.8058508038520813
0.7907585501670837
0.9309395551681519
0.8277034163475037
0.7953153252601624
0.8280210494995117
0.806286096572876
0.8317859768867493
0.8891288042068481
0.8611440658569336
0.8681816458702087
0.8319206833839417
0.8111116290092468
0.8180440068244934
0.877444863319397
0.8263033032417297
1.113048791885376
0.8971840739250183
0.9637181162834167
0.8673499226570129
0.9242213368415833
0.8445592522621155
0.8513659238815308
0.8177110552787781
0.8431990146636963
0.8084171414375305
0.817231297492981
0.8254901170730591
0.8625224232673645
0.8668888211250305
0.9569838047027588
0.8963901996612549
0.8252819180488586
0.8639786243438721
0.8964179158210754
0.8565991520881653
0.8340895771980286
1.070222020149231
0.8291811347007751
0.829625129699707
0.8371158838272095
0.8444328308105469
0.8252504467964172
0.8099352717399597
0.8383753299713135
0.867149293422699
0.8462794423103333
0.9276448488235474
0.8517769575119019
0.8409212827682495
0.8010170459747314
0.7565773725509644
0.9088238477706909
0.8759682178497314
0.920543372631073
0.8821344971656799
0.8075542449951172
0.889617383480072
0.8409027457237244
0.8962061405181885
0.9565372467041016
0.8510414361953735
0.7837556600570679
0.7593018412590027
0.9449382424354553
0.7870727181434631
0.8963395357131958
0.8700947165489197
0.8105810284614563
0.8966858386993408
0.8368996381759644
0.8595730662345886
0.9431344270706177
0.808539092540741
0.8251137733459473
0.8582642674446106
0.8373041749000549
0.8538368344306946
0.8436052203178406
0.7997224926948547
0.8309606909751892
0.8408764004707336
0.9013576507568359
1.0577187538146973
0.8592056632041931
0.8266289830207825
1.054322361946106
0.7712315320968628
0.8504838943481445
0.7502438426017761
0.8416145443916321
0.7867662310600281
0.8512319326400757
0.9805048108100891
0.8477622270584106
0.9563772678375244
0.7060797810554504
0.8035203218460083
1.033547043800354
0.933803379535675
0.8552715182304382
0.9695742130279541
0.9651026129722595
0.9260233044624329
0.7566211819648743
1.0158830881118774
1.002716064453125
0.7393407225608826
0.8936373591423035
0.766434907913208
0.8141764402389526
0.8189953565597534
0.8901121616363525
0.8346154093742371
0.940497636795044
0.7542296648025513
0.7801412343978882
1.1031373739242554
0.9445412755012512
1.0040791034698486
1.2524880170822144
0.7162418365478516
0.9087130427360535
0.8566333651542664
0.8881155848503113
0.906902551651001
0.8988211750984192
0.8698906302452087
0.8010725975036621
0.8696098923683167
0.8796083331108093
0.974187433719635
0.9362591505050659
0.873603105545044
0.9799934029579163
0.8010654449462891
0.8506152033805847
0.8260682225227356
0.8300697803497314
0.95838862657547
0.8612152338027954
0.8362658619880676
0.8935625553131104
1.0209115743637085
0.9263977408409119
0.8026686906814575
0.8772218823432922
0.8961406350135803
0.8098412156105042
0.9233192801475525
0.8588582873344421
0.7857556939125061
0.9409889578819275
0.829250156879425
0.8001821637153625
0.8384331464767456
0.8366835713386536
0.7795897722244263
0.8535268902778625
0.8309053778648376
0.8544313907623291
0.8048917055130005
0.8831116557121277
0.9382111430168152
0.8144084215164185
0.9097652435302734
0.9026980996131897
0.8138654828071594
0.8225920796394348
0.8256639838218689
0.824320912361145
0.7935348153114319
0.8038896918296814
0.8918859958648682
0.8689486384391785
0.8653704524040222
0.7822171449661255
0.8492026925086975
0.8992960453033447
0.7598685026168823
0.9122671484947205
0.8259473443031311
0.8137333393096924
0.8476985692977905
0.8579688668251038
0.8277457356452942
0.9737324118614197
0.8303430676460266
0.812341034412384
0.8101640939712524
0.8803784847259521
0.7293614149093628
0.9852433800697327
0.9311917424201965
0.8698487281799316
0.7964690327644348
0.7430590391159058
1.0605714321136475
1.0007048845291138
0.9941588640213013
0.7347198724746704
0.8257443308830261
0.8009040951728821
0.7536228895187378
0.9041539430618286
0.7132971882820129
0.7244367599487305
0.9095957279205322
0.9698395133018494
0.9212381839752197
1.1345175504684448
0.7819789052009583
0.872454047203064
0.9643257856369019
0.9820270538330078
0.8742416501045227
0.8371711373329163
0.8568940758705139
0.8698456883430481
0.7760591506958008
0.7762283086776733
0.8818685412406921
0.8756201267242432
0.8607789278030396
0.7758373022079468
0.7696680426597595
0.7543655037879944
0.8349704146385193
0.833501398563385
0.8170998096466064
0.7895448803901672
0.8992294669151306
0.9218222498893738
0.8924940228462219
0.9738799333572388
0.968409538269043
0.9018310904502869
0.833617627620697
0.9387324452400208
0.8896703720092773
0.8844218254089355
0.7812880873680115
0.812794029712677
0.8493051528930664
0.8350157141685486
0.8727274537086487
0.8548605442047119
0.9315452575683594
0.850113034248352
0.8162704110145569
0.8372375965118408
0.8316066861152649
0.9584692120552063
0.7796013951301575
0.8318235874176025
0.7997562885284424
0.819640040397644
0.8225969076156616
0.829097330570221
0.7609484791755676
0.7742573022842407
0.8101977109909058
0.8144918084144592
0.9797957539558411
0.959214985370636
0.901312530040741
0.8038880228996277
0.9588838219642639
0.9646607637405396
0.8542831540107727
0.8416689038276672
0.8641892671585083
0.7753638029098511
0.7669122815132141
0.8246217370033264
0.8270787000656128
0.9040840268135071
0.8864586353302002
0.8848055601119995
1.151650071144104
0.8711196184158325
0.8803484439849854
0.8326565027236938
0.8117581009864807
0.8678451180458069
0.8544085621833801
0.8903183341026306
0.8394378423690796
0.7569851875305176
0.8357259035110474
0.8766255974769592
0.8104557394981384
0.8915781378746033
1.1058655977249146
0.7629346251487732
0.8943913578987122
0.8386531472206116
0.7634347677230835
0.9018628001213074
0.8933828473091125
0.9674235582351685
0.7327590584754944
0.8218652009963989
0.7315811514854431
0.9057210087776184
1.0124564170837402
0.8717246055603027
0.8511140942573547
0.7785347700119019
0.8174372911453247
0.9302272796630859
0.7862647771835327
0.8197023868560791
0.8994128108024597
0.8764897584915161
0.8575075268745422
0.8645753860473633
0.794735312461853
0.8708290457725525
0.8510293960571289
0.8962092995643616
0.8237150311470032
0.8127220869064331
0.8030240535736084
0.8588116765022278
0.8202151656150818
0.8050090074539185
0.811107873916626
1.0616544485092163
0.8542429208755493
0.7809178829193115
0.8144672513008118
0.7473904490470886
0.8014010190963745
0.9197094440460205
0.9604445695877075
0.8511036038398743
0.8310495018959045
0.8403483629226685
1.0551944971084595
0.7521427273750305
0.8084942102432251
0.8425750136375427
0.8956707119941711
0.8951727747917175
0.9519594311714172
1.0140312910079956
0.8876383900642395
0.7868666052818298
0.7568222880363464
0.8211830854415894
0.8716346621513367
0.7978547811508179
0.8124815821647644
0.7558547258377075
0.8447986245155334
0.7794162034988403
0.8320006132125854
0.8252919912338257
0.8437307476997375
0.8321622610092163
0.9214440584182739
0.8298496603965759
0.7868395447731018
0.8108132481575012
0.8654158115386963
0.8253161311149597
0.8115360736846924
0.8662887215614319
0.8433752655982971
0.8448017835617065
0.8233040571212769
0.8675952553749084
0.8191940784454346
0.8027873635292053
0.8464787602424622
0.85625159740448
0.8050484657287598
0.8155192136764526
0.8439862132072449
0.8691286444664001
0.8176500797271729
0.8394051194190979
0.8333361148834229
0.784756064414978
0.8564368486404419
0.8474043607711792
0.8788005113601685
0.800954282283783
0.8799298405647278
0.8913737535476685
0.9099636077880859
1.0409551858901978
0.9060671925544739
0.8905550837516785
0.8316149115562439
0.8165209889411926
0.8774898648262024
0.8774843811988831
0.859348475933075
0.8469304442405701
0.8838337063789368
0.7395086288452148
0.8410656452178955
0.9113631844520569
0.7784866690635681
0.8104468584060669
0.8243430256843567
0.8105136156082153
0.9421270489692688
0.8268751502037048
0.9591471552848816
0.9721605777740479
0.7943502068519592
0.9058986306190491
0.8532732725143433
0.8540375232696533
0.8068030476570129
0.80900639295578
0.8929632306098938
0.8378200531005859
0.8636977076530457
0.9429110288619995
0.8310312032699585
0.867316722869873
0.8596497774124146
0.8465180397033691
0.7924786806106567
0.8749364018440247
0.8560417294502258
0.8473742604255676
0.8330652117729187
0.8515214323997498
0.8629601001739502
0.9328588843345642
0.8166563510894775
0.8152723908424377
0.9507142305374146
0.865329384803772
0.862060010433197
0.8781338930130005
0.8459970951080322
0.7863930463790894
1.0338704586029053
0.8464186787605286
0.8439316153526306
0.8307865858078003
0.8042736649513245
0.872456967830658
0.8231969475746155
0.8362802863121033
0.7927263379096985
0.76502925157547
0.8572486639022827
0.8108038306236267
0.8532263040542603
0.8781487345695496
0.8048889636993408
0.6984131336212158
0.8915651440620422
0.890507698059082
0.8056033253669739
0.8340478539466858
0.9354705810546875
0.8654578924179077
0.9128958582878113
0.9309009909629822
0.9328672885894775
0.8617268204689026
0.8769339323043823
0.8078597187995911
0.843174934387207
0.812028706073761
0.8015570640563965
0.8260191679000854
0.7829291224479675
0.8006055355072021
0.8146169185638428
0.8623380064964294
0.8700863718986511
0.7851299047470093
0.9903653264045715
0.801935613155365
0.8177543878555298
0.8216541409492493
0.7864731550216675
0.9029333591461182
0.8402448296546936
0.9389688968658447
0.8086041808128357
0.8346884846687317
0.976827085018158
0.881883978843689
0.875744104385376
0.8668175339698792
0.943681538105011
0.8495733737945557
0.8632890582084656
0.8307260274887085
0.8444892168045044
0.7974153161048889
0.9033230543136597
0.8546187281608582
0.865935742855072
0.828429102897644
0.8382795453071594
0.7918381094932556
0.8160274028778076
0.8694623112678528
0.9051596522331238
0.888123631477356
0.7389864325523376
0.7532622814178467
0.7665535807609558
0.93485027551651
0.9169424176216125
0.8843750953674316
0.7784236669540405
0.9023211002349854
0.9179660081863403
0.8419635891914368
0.8775568008422852
0.910358726978302
0.824266791343689
0.8632742762565613
0.9033390879631042
0.8570870161056519
0.8112389445304871
0.8239710330963135
0.9930847883224487
0.8109418749809265
0.8846948742866516
0.9251995086669922
0.7913125157356262
0.8117835521697998
0.8196399807929993
0.839026153087616
0.8506877422332764
0.8274154663085938
0.8165157437324524
0.8459098935127258
0.8212919235229492
0.8642910718917847
0.8150082230567932
0.7975879311561584
0.8677307367324829
0.9064738154411316
0.8478017449378967
0.8079856038093567
0.8408265113830566
0.7901918888092041
0.7682373523712158
0.8155553936958313
0.9444798231124878
0.8586593866348267
0.8100151419639587
0.8002990484237671
0.9557798504829407
0.7794349789619446
0.7805580496788025
0.8957140445709229
0.8385160565376282
0.9402866363525391
0.7648223042488098
0.8357712626457214
0.9633952379226685
0.8726205229759216
0.8544554114341736
0.8515474796295166
0.7751072645187378
0.7739256024360657
0.7202289700508118
0.8706669211387634
0.8973667621612549
0.829335629940033
0.6839297413825989
0.8686347007751465
0.9935467839241028
0.8763668537139893
0.9781736731529236
0.9715610146522522
0.9486762285232544
0.7575709223747253
0.8140215277671814
0.9459845423698425
0.8402647972106934
0.9256599545478821
0.7558186054229736
0.7457780241966248
0.8724842071533203
0.8939711451530457
0.8861162066459656
0.8667200207710266
0.782099187374115
0.8321064114570618
0.8076212406158447
0.7517397999763489
0.9554656147956848
0.9262763261795044
0.8289197683334351
0.8876341581344604
0.7629016041755676
0.7730554938316345
0.9112936854362488
0.9318938851356506
0.820362389087677
0.7936695218086243
0.8120792508125305
0.7338964343070984
0.9283018112182617
0.7487228512763977
0.886791467666626
0.9333572387695312
0.9711416363716125
0.8567644953727722
0.7655085921287537
0.8538897037506104
1.0090415477752686
0.805677592754364
0.7185670733451843
0.9448642730712891
0.7890194654464722
0.8236629962921143
0.7844550013542175
0.7931439876556396
1.021650791168213
0.7348440289497375
0.8350076079368591
0.8147716522216797
0.8994884490966797
0.8623937964439392
0.8456786274909973
0.8132853507995605
0.7725555300712585
0.9280211329460144
0.9766665697097778
0.8974005579948425
0.8371170163154602
0.8076802492141724
0.804389238357544
0.8826173543930054
0.8064362406730652
0.8900941014289856
0.8534405827522278
0.8031787276268005
0.7514669299125671
0.8100770115852356
0.8989996314048767
0.8726323246955872
0.8869998455047607
1.001811146736145
0.8193179368972778
0.7420065402984619
0.8275421261787415
0.7514414191246033
0.8047152757644653
0.8173558115959167
0.9169207811355591
0.8598878979682922
0.8813441395759583
0.8262613415718079
0.8245790600776672
0.8699490427970886
0.7978237867355347
0.9000181555747986
0.8708021640777588
0.7998870015144348
0.8210563659667969
0.7527286410331726
0.7506109476089478
0.9271181225776672
0.8060476779937744
0.79208904504776
0.8563317060470581
0.790375292301178
0.8093177676200867
0.8129838705062866
0.908361554145813
0.8609992861747742
0.8072470426559448
0.7551356554031372
0.7361642718315125
0.819425106048584
0.8662779927253723
0.8517870903015137
0.847212016582489
0.9263583421707153
0.9049914479255676
0.775221049785614
0.8772689700126648
0.8620665073394775
0.844059944152832
0.8544739484786987
0.7860854864120483
0.8883045315742493
1.070652723312378
0.7843470573425293
0.8402989506721497
0.7840462923049927
0.8715506196022034
0.7842063307762146
0.7587931752204895
0.8647821545600891
0.8617123365402222
0.8375702500343323
0.7597890496253967
0.7873351573944092
0.7758777737617493
0.7207664847373962
0.9234124422073364
0.7665577530860901
0.8733512163162231
0.736840546131134
0.8146548271179199
0.9691681265830994
0.6771528720855713
0.8286411762237549
0.6920920610427856
0.9830930829048157
0.9040862321853638
0.969224750995636
0.8523344397544861
0.8647333979606628
0.8688567280769348
0.9058693647384644
0.9355967044830322
0.81911700963974
0.8103063702583313
0.7288362979888916
0.8052644729614258
0.9493727087974548
0.9062007069587708
0.9187480211257935
0.843784749507904
0.8376960754394531
0.873958945274353
0.7961536645889282
0.8390731811523438
0.8414953947067261
0.8802164196968079
0.9040945172309875
0.8334376215934753
0.8015952706336975
0.7996810078620911
0.8813645243644714
0.8534714579582214
0.8854480385780334
0.9638591408729553
1.066592812538147
0.8114280104637146
0.8585589528083801
0.8551356196403503
0.8306160569190979
0.8095043301582336
0.9092071652412415
0.8176385164260864
0.8382204174995422
0.8291743397712708
0.8304518461227417
0.8612015843391418
0.805156946182251
0.8698927760124207
0.8343838453292847
0.7999433875083923
0.8050622344017029
0.8257958889007568
0.8760283589363098
0.7889344096183777
0.8211643695831299
0.8330278396606445
0.8075968027114868
0.8627103567123413
0.804490864276886
0.8368675112724304
0.8176039457321167
0.8676170110702515
0.7587061524391174
0.8567038774490356
0.789160430431366
0.8065626621246338
0.8800991773605347
0.8054185509681702
0.7605026364326477
0.7972614765167236
0.8191847801208496
0.7421371936798096
0.9095026850700378
0.9614387154579163
0.800994336605072
1.0251933336257935
0.8285530209541321
0.8675345182418823
0.7518590092658997
0.9459698796272278
0.835361123085022
0.7957882285118103
0.9788063764572144
0.8649789094924927
0.8179628849029541
0.9265928268432617
0.903454065322876
1.003889560699463
0.7598970532417297
0.7563340067863464
0.9619507193565369
0.8394573330879211
0.8923397064208984
0.8930725455284119
0.7984588742256165
0.8508536219596863
0.9307947158813477
0.8799456357955933
0.8133127689361572
0.7483634948730469
0.7914491891860962
0.8493965864181519
0.7958748936653137
0.8330581784248352
0.8185345530509949
0.7953076958656311
0.8305373787879944
0.8800526261329651
0.823316216468811
0.8075316548347473
0.933905303478241
0.8068912625312805
0.775351345539093
0.8070990443229675
0.9850552678108215
0.7524553537368774
0.9246010184288025
0.9398285746574402
0.8454859852790833
0.8686035871505737
0.7802382707595825
0.8791607022285461
0.8388223052024841
0.8752402067184448
0.8524399995803833
0.8196980357170105
0.8883295655250549
0.8626115918159485
0.8460416793823242
0.9002827405929565
0.80977463722229
0.8293951153755188
0.7915840148925781
0.801613450050354
0.8082993030548096
0.8500962853431702
0.8564422726631165
0.836044430732727
0.878418505191803
0.8143919110298157
0.8011091947555542
0.8402482271194458
0.8414101600646973
0.7912035584449768
0.8304281234741211
0.7735145688056946
0.8131238222122192
0.810100793838501
0.7987974882125854
0.8618447184562683
0.8995018005371094
0.8586851954460144
0.8837498426437378
0.8450415134429932
0.8509702682495117
0.796040415763855
0.8427811861038208
0.782136857509613
0.8978320360183716
0.9026020169258118
0.8030226230621338
0.7920013070106506
0.944784939289093
0.873945951461792
0.8083016872406006
0.8686168789863586
0.8541579246520996
0.8433423638343811
0.866500973701477
0.7845114469528198
0.7990339398384094
0.9133137464523315
0.9413511753082275
0.8138327598571777
0.86531001329422
0.8441967964172363
0.88425213098526
0.799347460269928
0.8545218706130981
0.832560658454895
0.8243134617805481
0.7853773832321167
0.770776629447937
0.8024842739105225
0.8116711378097534
0.8283697962760925
0.8817389011383057
0.8305843472480774
0.9714046120643616
0.811750590801239
0.7881873846054077
0.7843164205551147
0.852360725402832
1.0171165466308594
0.83179771900177
0.7742535471916199
0.8212665319442749
0.8380279541015625
0.8452652096748352
0.8865963220596313
0.7926656007766724
0.806205689907074
0.8610479831695557
0.8403553366661072
0.8352652788162231
0.8480615615844727
0.9025667309761047
0.7684755921363831
0.7894116640090942
0.8274684548377991
0.8383138179779053
0.8140026926994324
0.8093360066413879
0.8697279095649719
0.8694856762886047
0.901199221611023
0.862105667591095
0.8493837714195251
0.8785374760627747
0.8382657170295715
0.7731558680534363
0.8011977076530457
0.8272600173950195
0.806524932384491
0.7656130790710449
0.8378322124481201
0.8217986226081848
0.8299697041511536
0.8044900298118591
0.8767462968826294
0.8236469030380249
0.7764912843704224
0.855958104133606
0.8820074796676636
0.7865319848060608
0.8261429071426392
0.8203697204589844
0.8083337545394897
0.7920074462890625
0.8116058111190796
0.9268195033073425
0.8020658493041992
0.844055712223053
0.8614972233772278
0.9361305236816406
0.8199731111526489
0.794237494468689
0.8414745330810547
0.7864265441894531
0.8163059949874878
0.7958699464797974
0.7815583348274231
0.8202250599861145
0.8834353089332581
0.9403389692306519
0.8159045577049255
0.8900356292724609
0.7946799993515015
0.793334424495697
0.9296708703041077
0.8198583722114563
0.8655992150306702
0.805378258228302
0.7875590920448303
0.8140789866447449
0.824789822101593
0.8526068329811096
0.8382810354232788
0.7995779514312744
0.8482665419578552
0.7920373678207397
0.8364525437355042
0.8747108578681946
0.8065522313117981
0.9611337780952454
0.7967360019683838
0.8483689427375793
0.9054611921310425
0.7922653555870056
0.8031882047653198
0.9281556010246277
0.7962632775306702
0.7991032004356384
0.8283041715621948
1.0533326864242554
0.9145206809043884
0.7800320982933044
0.8770843148231506
0.8044903874397278
0.8765373229980469
0.8768543601036072
0.8421897888183594
0.94452965259552
0.7977802157402039
0.8716345429420471
0.825920581817627
0.7931854724884033
0.8219425678253174
0.8151825070381165
0.8482496738433838
0.8310384154319763
0.875250518321991
0.9056733250617981
0.8238895535469055
0.847370982170105
0.8072165846824646
0.98946213722229
0.7773123979568481
0.8160969018936157
0.8070062398910522
0.8990376591682434
0.8414329886436462
0.8757364749908447
0.8106956481933594
0.8364434242248535
0.837536096572876
0.8247866034507751
0.9076250195503235
0.8850336074829102
0.8057748079299927
0.8485693335533142
0.8687997460365295
0.8475486040115356
0.7944381833076477
0.8386990427970886
0.8227185606956482
0.7667906880378723
0.8121698498725891
0.8938480019569397
0.8270071148872375
0.9110103249549866
0.787885308265686
0.8568938374519348
0.8496586680412292
0.9746657609939575
0.8820155262947083
0.8500199317932129
0.7984440326690674
0.7794352173805237
0.8134588599205017
0.7842116355895996
0.8287217020988464
0.832337498664856
0.8580833673477173
0.7953589558601379
0.8396139740943909
0.8645641803741455
0.8212307691574097
0.8291240334510803
0.8278924822807312
0.8425219058990479
0.8243918418884277
0.8295343518257141
0.8228988647460938
0.9712780714035034
0.8220305442810059
0.8095566630363464
0.8317921757698059
0.841211199760437
0.7844898104667664
0.8291470408439636
0.8187902569770813
0.801998496055603
0.7891241312026978
0.80635666847229
0.7988592982292175
0.8022997379302979
0.8687461614608765
0.7851032614707947
0.8256970643997192
0.8779056668281555
0.7978036999702454
0.7894865274429321
0.8928900957107544
0.8586525321006775
0.7881145477294922
0.8554664254188538
0.7921717762947083
0.7875707745552063
0.8258984684944153
0.8440162539482117
0.910309374332428
0.864094078540802
0.811687171459198
0.8078911900520325
0.793269157409668
0.8160946369171143
0.8128523826599121
0.8499968647956848
0.8299910426139832
0.8737918138504028
0.9437048435211182
0.7982932329177856
0.8668182492256165
0.86648029088974
0.8309906125068665
0.8586249947547913
0.8159829378128052
0.7984768748283386
0.7998358011245728
0.8009451031684875
0.8407997488975525
0.8206502199172974
0.8148959279060364
0.8453197479248047
0.8031836748123169
0.797400712966919
0.7984156012535095
0.7829303741455078
0.8003074526786804
0.8056410551071167
0.8610057830810547
0.7847009897232056
1.0623081922531128
0.8144977688789368
0.8097493648529053
0.8138958811759949
0.7936765551567078
0.789361834526062
0.7829697728157043
0.8253105878829956
0.825926661491394
0.8410764932632446
0.8002888560295105
0.8681438565254211
0.8980291485786438
0.8320868015289307
0.8325064778327942
0.7854078412055969
0.8161087036132812
0.8912881016731262
0.7924059629440308
0.8599128723144531
0.7876840829849243
0.8267908692359924
0.8034523129463196
0.8348566293716431
0.8428893685340881
0.8273103833198547
0.8444575071334839
0.8262307047843933
0.7946728467941284
0.8263243436813354
0.79984450340271
0.7981633543968201
0.7884553074836731
0.8749969601631165
0.8032829761505127
0.8098476529121399
0.7993113398551941
0.8012781143188477
0.8251019716262817
0.8556178212165833
0.7870453596115112
0.8028814792633057
0.7800425291061401
0.837897539138794
0.9676890969276428
0.806010901927948
0.8296740651130676
