0.630684494972229
3.451051950454712
3.4468986988067627
6.483017444610596
2.5385444164276123
0.9586901068687439
1.2837519645690918
1.0107399225234985
0.4419751465320587
0.9253669381141663
0.5656061172485352
0.44400864839553833
0.3097185790538788
0.28111720085144043
0.20743130147457123
0.2235330045223236
0.41509926319122314
0.3171706199645996
0.2898959815502167
0.2631496489048004
0.32321101427078247
0.3391319811344147
0.21495898067951202
0.4124167561531067
0.2934281527996063
0.31477615237236023
0.728700578212738
0.3304404020309448
0.2661687433719635
0.27610212564468384
0.40109488368034363
0.22976034879684448
0.23041026294231415
0.3313113749027252
0.24438752233982086
0.4147453010082245
0.38778114318847656
0.2946735620498657
0.3267005681991577
0.530803918838501
0.29975536465644836
0.1836080104112625
0.2620006203651428
0.2551193833351135
0.2636614143848419
0.2030642181634903
0.2045058161020279
0.25268837809562683
0.2949884831905365
0.36920106410980225
0.19693315029144287
0.23991379141807556
0.29856154322624207
0.36977168917655945
0.19948625564575195
0.19099053740501404
0.20046140253543854
0.26948773860931396
0.2267506867647171
0.2641390562057495
0.27528321743011475
0.2809063196182251
0.3749333620071411
0.42169833183288574
0.32250848412513733
0.5183538198471069
0.2820184826850891
0.2275361269712448
0.20055325329303741
0.2765231728553772
0.17426738142967224
0.16845418512821198
0.2871224284172058
0.2553977370262146
0.20695170760154724
0.23400501906871796
0.18913765251636505
0.22861497104167938
0.21710386872291565
0.3493790328502655
0.27096104621887207
0.1950785219669342
0.16244687139987946
0.24181067943572998
0.1897338181734085
0.39696019887924194
0.31448352336883545
0.17548304796218872
0.20083898305892944
0.3143203854560852
0.5260517001152039
0.4122541546821594
0.26070672273635864
0.2217593491077423
0.3369113504886627
0.370917946100235
0.27409520745277405
0.2616911232471466
0.24285686016082764
0.2141386717557907
0.31064462661743164
0.41678181290626526
0.2543984055519104
0.2552834749221802
0.3944706916809082
0.38923507928848267
0.3100149929523468
0.21275199949741364
0.4414263963699341
0.3778430223464966
0.38663333654403687
0.23156501352787018
0.15345540642738342
0.22331394255161285
0.19473032653331757
0.2889997959136963
0.2166486531496048
0.23871462047100067
0.2699141800403595
0.1681554764509201
0.24182169139385223
0.19547228515148163
0.18316276371479034
0.21906371414661407
0.20521430671215057
0.17546136677265167
0.15694308280944824
0.21477381885051727
0.20918594300746918
0.17053672671318054
0.19001823663711548
0.1943957805633545
0.2708037793636322
0.1926746517419815
0.1600174605846405
0.3628080487251282
0.1758214384317398
0.21240027248859406
0.19091889262199402
0.19033780694007874
0.1561155915260315
0.13650161027908325
0.177376851439476
0.33387356996536255
0.26961034536361694
0.3472435176372528
0.3337654173374176
0.3144131302833557
0.17426417768001556
0.1643470823764801
0.22035223245620728
0.2185012847185135
0.24236837029457092
0.2794781029224396
0.19478249549865723
0.3294236660003662
0.32643961906433105
0.13328556716442108
0.20136915147304535
0.32659071683883667
0.23685935139656067
0.1877686083316803
0.14617793262004852
0.20466136932373047
0.1686718910932541
0.24514888226985931
0.2806052565574646
0.19416972994804382
0.17314119637012482
0.21575342118740082
0.28480371832847595
0.19535942375659943
0.2150922417640686
0.28559163212776184
0.21085593104362488
0.15733197331428528
0.13484834134578705
0.27396804094314575
0.2940197288990021
0.17878293991088867
0.1774592250585556
0.14936116337776184
0.308785617351532
0.3235030770301819
0.2805033028125763
0.19029775261878967
0.25231996178627014
0.2689129412174225
0.16326096653938293
0.3052352964878082
0.2907196581363678
0.2671709358692169
0.3770291209220886
0.2610040009021759
0.21719147264957428
0.1484435349702835
0.21763238310813904
0.3706413507461548
0.23904360830783844
0.2632620632648468
0.17292934656143188
0.21420679986476898
0.20716924965381622
0.18675144016742706
0.16363206505775452
0.25223660469055176
0.1709492951631546
0.17748446762561798
0.12322358787059784
0.14408092200756073
0.15818016231060028
0.2724290192127228
0.20200523734092712
0.3048943281173706
0.3177894055843353
0.25281044840812683
0.2535189390182495
0.2255180925130844
0.271319180727005
0.23298369348049164
0.30090945959091187
0.3624919056892395
0.23835687339305878
0.18981841206550598
0.15565070509910583
0.2366878241300583
0.25528573989868164
0.1492214947938919
0.16403141617774963
0.20157575607299805
0.2583904266357422
0.2194083333015442
0.24235425889492035
0.3396635055541992
0.210728719830513
0.20605820417404175
0.2301374077796936
0.26984769105911255
0.19899657368659973
0.18800680339336395
0.23882146179676056
0.25472643971443176
0.14201655983924866
0.25614726543426514
0.23185236752033234
0.22794829308986664
0.14650288224220276
0.19204795360565186
0.17144234478473663
0.1902095228433609
0.47431978583335876
0.3241903781890869
0.1893545389175415
0.16305245459079742
0.21406394243240356
0.3322763741016388
0.1981586366891861
0.1130698025226593
0.21497365832328796
0.33159780502319336
0.17818397283554077
0.3276044726371765
0.2642836570739746
0.4093623459339142
0.31714993715286255
0.21043367683887482
0.15829496085643768
0.21832513809204102
0.19970734417438507
0.2684955596923828
0.24659836292266846
0.17155183851718903
0.27794668078422546
0.25507301092147827
0.17779314517974854
0.15606999397277832
0.198396235704422
0.13880811631679535
0.24347129464149475
0.1895933747291565
0.1653578281402588
0.17174744606018066
0.271854043006897
0.22942209243774414
0.1483394205570221
0.33219635486602783
0.3993806838989258
0.216050922870636
0.21852624416351318
0.1730084866285324
0.2136498987674713
0.24828140437602997
0.20179599523544312
0.22101333737373352
0.21234478056430817
0.13412673771381378
0.19081823527812958
0.3371361494064331
0.24994030594825745
0.20139756798744202
0.2643721103668213
0.2272253781557083
0.12671342492103577
0.14373724162578583
0.1312151700258255
0.12109953165054321
0.33302444219589233
0.18400327861309052
0.20298558473587036
0.1344049721956253
0.37538984417915344
0.2693077325820923
0.18975158035755157
0.1311301738023758
0.2904609143733978
0.3525562882423401
0.20818188786506653
0.2363298535346985
0.2951608896255493
0.19443999230861664
0.14851440489292145
0.14120139181613922
0.1724621206521988
0.145303875207901
0.16368921101093292
0.14174167811870575
0.2184249609708786
0.21419040858745575
0.26690298318862915
0.15689608454704285
0.35361653566360474
0.23320192098617554
0.14023371040821075
0.191105455160141
0.2881835997104645
0.26079902052879333
0.23361243307590485
0.125657856464386
0.22571571171283722
0.19058413803577423
0.1835644245147705
0.14089226722717285
0.22714419662952423
0.29475870728492737
0.25101763010025024
0.18625175952911377
0.13282622396945953
0.22604501247406006
0.16060654819011688
0.1778894066810608
0.22558870911598206
0.28275564312934875
0.2437582165002823
0.32103806734085083
0.31316205859184265
0.14389179646968842
0.2997930943965912
0.17003895342350006
0.14228707551956177
0.13585573434829712
0.23402132093906403
0.16981104016304016
0.22065800428390503
0.1651802510023117
0.21920117735862732
0.2847619652748108
0.2137887328863144
0.16012907028198242
0.139428973197937
0.1406985968351364
0.2570907771587372
0.24228017032146454
0.2642268240451813
0.14683520793914795
0.19359081983566284
0.23459678888320923
0.19053640961647034
0.18538914620876312
0.15190467238426208
0.1635436862707138
0.3182631731033325
0.14150844514369965
0.2161465436220169
0.20450934767723083
0.2504626214504242
0.17311671376228333
0.19154588878154755
0.2586838901042938
0.3563781976699829
0.3538006544113159
0.17538118362426758
0.1375485062599182
0.21203380823135376
0.2189820557832718
0.25580790638923645
0.14939971268177032
0.24864241480827332
0.22198420763015747
0.2706546187400818
0.20648549497127533
0.17141522467136383
0.16038204729557037
0.23060379922389984
0.14310045540332794
0.23319391906261444
0.1482185572385788
0.17520250380039215
0.1348077952861786
0.3013834059238434
0.14951597154140472
0.15116912126541138
0.1751093864440918
0.1983608901500702
0.11947430670261383
0.21825839579105377
0.18826308846473694
0.12448980659246445
0.23681999742984772
0.2137978971004486
0.26473644375801086
0.1871049851179123
0.21962706744670868
0.24535739421844482
0.16512033343315125
0.20688852667808533
0.20660319924354553
0.1630154699087143
0.27574774622917175
0.2227252870798111
0.1563873589038849
0.11598433554172516
0.1494920253753662
0.13704761862754822
0.2069569081068039
0.18634629249572754
0.28290918469429016
0.17788957059383392
0.1819610297679901
0.25214794278144836
0.11785754561424255
0.13527251780033112
0.3150164783000946
0.26391956210136414
0.12742979824543
0.4020606279373169
0.3893216550350189
0.18877950310707092
0.3065558969974518
0.1841936707496643
0.2821287214756012
0.25677403807640076
0.2599030137062073
0.3503358066082001
0.1564996838569641
0.19889473915100098
0.17576828598976135
0.175596684217453
0.12876151502132416
0.27148717641830444
0.25498178601264954
0.22415785491466522
0.1913372129201889
0.15215983986854553
0.34142568707466125
0.24517416954040527
0.2161041498184204
0.23879370093345642
0.12976324558258057
0.15385198593139648
0.30662426352500916
0.19692929089069366
0.1677192747592926
0.29732421040534973
0.22619785368442535
0.2517807185649872
0.20101270079612732
0.2104218304157257
0.18912211060523987
0.16421052813529968
0.21399162709712982
0.3234901428222656
0.22753557562828064
0.2060117870569229
0.15391911566257477
0.13345587253570557
0.20371335744857788
0.22415535151958466
0.14150653779506683
0.15627096593379974
0.21377277374267578
0.17132478952407837
0.11377573758363724
0.21575185656547546
0.2289257049560547
0.18807438015937805
0.15143369138240814
0.21847239136695862
0.12560497224330902
0.1971607804298401
0.1884213238954544
0.18592248857021332
0.15191417932510376
0.1456950157880783
0.1339518129825592
0.10135406255722046
0.11434466391801834
0.22629031538963318
0.1744479537010193
0.1744787096977234
0.15528912842273712
0.24591170251369476
0.14226020872592926
0.11690619587898254
0.16932959854602814
0.33016645908355713
0.22343477606773376
0.1728336066007614
0.14919906854629517
0.2758568227291107
0.3326096832752228
0.1707252413034439
0.1554054170846939
0.21986106038093567
0.31438329815864563
0.1423683911561966
0.22806236147880554
0.1624065637588501
0.15262684226036072
0.09744712710380554
0.13397935032844543
0.31712064146995544
0.28001701831817627
0.24121814966201782
0.2023109644651413
0.2514963150024414
0.3466446101665497
0.13657107949256897
0.12331463396549225
0.11982128769159317
0.20379242300987244
0.2512609660625458
0.14598344266414642
0.18736712634563446
0.13437201082706451
0.2017083764076233
0.22680962085723877
0.22758768498897552
0.27322879433631897
0.30098190903663635
0.3689313530921936
0.16985101997852325
0.12381062656641006
0.18401916325092316
0.19655531644821167
0.1415889710187912
0.3604296147823334
0.1749269962310791
0.16854757070541382
0.12627661228179932
0.1251130998134613
0.22847042977809906
0.16258370876312256
0.179033562541008
0.23770733177661896
0.19315634667873383
0.17178963124752045
0.2828962504863739
0.21111810207366943
0.13396604359149933
0.10448827594518661
0.13159514963626862
0.1079605370759964
0.18763825297355652
0.2979300022125244
0.12456304579973221
0.11480166763067245
0.2014065831899643
0.1612771451473236
0.10329403728246689
0.16139554977416992
0.21470148861408234
0.10143595933914185
0.13279740512371063
0.16314315795898438
0.3930893540382385
0.2269095629453659
0.15643557906150818
0.18671871721744537
0.14458690583705902
0.12744289636611938
0.1237134039402008
0.16129975020885468
0.4727244973182678
0.20569579303264618
0.17060543596744537
0.18527446687221527
0.26827022433280945
0.2303323596715927
0.2022053599357605
0.19854357838630676
0.39227843284606934
0.32325848937034607
0.19328753650188446
0.15676531195640564
0.17507468163967133
0.12227477133274078
0.13906414806842804
0.13401173055171967
0.21178996562957764
0.14746436476707458
0.15066289901733398
0.13149486482143402
0.1282331496477127
0.11456864327192307
0.1230551227927208
0.13628725707530975
0.13721804320812225
0.14055362343788147
0.12974996864795685
0.17582862079143524
0.3544810712337494
0.3207053244113922
0.12111639231443405
0.19039136171340942
0.20455670356750488
0.27833518385887146
0.26082441210746765
0.18342679738998413
0.21566429734230042
0.37489211559295654
0.20277681946754456
0.2297682911157608
0.13821843266487122
0.2483617216348648
0.15152062475681305
0.11070236563682556
0.19278696179389954
0.19653889536857605
0.1272222250699997
0.1541043519973755
0.22385944426059723
0.23112201690673828
0.3729889988899231
0.2454943060874939
0.19143390655517578
0.2052331566810608
0.19625313580036163
0.1548151820898056
0.18911322951316833
0.20151495933532715
0.2597717344760895
0.18430231511592865
0.1660158485174179
0.21745671331882477
0.243775874376297
0.170911505818367
0.21784113347530365
0.10951889306306839
0.1398523449897766
0.2761869430541992
0.30315327644348145
0.1350703090429306
0.14725911617279053
0.13412971794605255
0.17083485424518585
0.1940106898546219
0.1658453792333603
0.17563600838184357
0.26592111587524414
0.1923888474702835
0.28369808197021484
0.25698935985565186
0.16617299616336823
0.3279072940349579
0.13683576881885529
0.3855963945388794
0.20277908444404602
0.14599677920341492
0.15374282002449036
0.13296107947826385
0.11782398074865341
0.1803673803806305
0.14050151407718658
0.2174525409936905
0.11464213579893112
0.23089011013507843
0.22372616827487946
0.16591447591781616
0.256235808134079
0.24261772632598877
0.10704673081636429
0.15419287979602814
0.14783352613449097
0.32271891832351685
0.12632164359092712
0.13729575276374817
0.2698122262954712
0.21920634806156158
0.19339507818222046
0.13252797722816467
0.13960404694080353
0.22775012254714966
0.13622596859931946
0.2833099365234375
0.13301852345466614
0.12527047097682953
0.2180822789669037
0.1680072695016861
0.14066269993782043
0.15757456421852112
0.14884261786937714
0.11505818367004395
0.1473291516304016
0.18316641449928284
0.1291472464799881
0.13152171671390533
0.21986201405525208
0.4102621376514435
0.3541581332683563
0.14554943144321442
0.19588148593902588
0.17601145803928375
0.3792349696159363
0.21283066272735596
0.17374010384082794
0.25041916966438293
0.1535031795501709
0.18872925639152527
0.16199636459350586
0.12261464446783066
0.24721820652484894
0.18554483354091644
0.14206022024154663
0.3342297673225403
0.16588334739208221
0.19096608459949493
0.20125266909599304
0.12967784702777863
0.22849488258361816
0.20767298340797424
0.21308737993240356
0.1582421511411667
0.32984742522239685
0.15521062910556793
0.17836807668209076
0.21370473504066467
0.16540774703025818
0.1441207081079483
0.1502460092306137
0.20626944303512573
0.16137602925300598
0.24639992415905
0.2369251698255539
0.2546515464782715
0.1583065539598465
0.2226826697587967
0.19257400929927826
0.22674164175987244
0.2504397928714752
0.1496593952178955
0.15614579617977142
0.2856996953487396
0.2870638966560364
0.273501455783844
0.19000115990638733
0.2018204778432846
0.16504018008708954
0.1908850371837616
0.1923324018716812
0.1291961669921875
0.20711259543895721
0.20230792462825775
0.10339371860027313
0.11288049817085266
0.15264451503753662
0.15740221738815308
0.36462125182151794
0.314893901348114
0.16596083343029022
0.21952985227108002
0.13121981918811798
0.18627974390983582
0.13225692510604858
0.17644916474819183
0.24239233136177063
0.28318414092063904
0.12242285907268524
0.11602926254272461
0.2919529676437378
0.18957068026065826
0.13686713576316833
0.281575471162796
0.19729402661323547
0.13627564907073975
0.25050973892211914
0.2872295379638672
0.14566634595394135
0.17839202284812927
0.2154165655374527
0.15168397128582
0.16580523550510406
0.19278188049793243
0.14671972393989563
0.19791875779628754
0.13594560325145721
0.1320173442363739
0.113035187125206
0.3087562024593353
0.19068624079227448
0.12715265154838562
0.2404300421476364
0.15511304140090942
0.2752537429332733
0.20371438562870026
0.206877663731575
0.22623589634895325
0.2618139684200287
0.15428900718688965
0.11161324381828308
0.20568117499351501
0.15744991600513458
0.15965180099010468
0.30697664618492126
0.19066928327083588
0.2482990026473999
0.21996061503887177
0.2619926631450653
0.18933308124542236
0.17909587919712067
0.17181500792503357
0.16110996901988983
0.15645571053028107
0.2994890511035919
0.17644788324832916
0.23927892744541168
0.12436721473932266
0.14086133241653442
0.15174579620361328
0.23645001649856567
0.22021383047103882
0.152410089969635
0.16094636917114258
0.24280397593975067
0.1833706945180893
0.17776654660701752
0.21436317265033722
0.19462628662586212
0.21524016559123993
0.32335516810417175
0.13459068536758423
0.18532507121562958
0.10696766525506973
0.2504480481147766
0.13794255256652832
0.11641323566436768
0.2196916788816452
0.17256267368793488
0.12784335017204285
0.12830838561058044
0.19221490621566772
0.1208895742893219
0.17753866314888
0.14039009809494019
0.2243996113538742
0.17033110558986664
0.11443798989057541
0.1344345510005951
0.138017937541008
0.17262449860572815
0.18625445663928986
0.2516686022281647
0.19235725700855255
0.13159726560115814
0.1758262664079666
0.3748333156108856
0.29987916350364685
0.2590741515159607
0.33742326498031616
0.1918240189552307
0.1398012787103653
0.22295479476451874
0.1646323800086975
0.36055415868759155
0.21588590741157532
0.3405371308326721
0.178613543510437
0.21879994869232178
0.1561993658542633
0.24516749382019043
0.15010279417037964
0.16566666960716248
0.19132965803146362
0.15679293870925903
0.21486061811447144
0.213067889213562
0.16258034110069275
0.17339128255844116
0.236949160695076
0.1407485008239746
0.19209133088588715
0.22750285267829895
0.2532972991466522
0.2817939817905426
0.2652340531349182
0.2756141126155853
0.24173353612422943
0.30646422505378723
0.18370704352855682
0.23320427536964417
0.17026680707931519
0.21029441058635712
0.20775915682315826
0.2219916582107544
0.151665598154068
0.20792624354362488
0.16479024291038513
0.16347868740558624
0.22794872522354126
0.17635475099086761
0.16163673996925354
0.20628410577774048
0.1756671518087387
0.2290119081735611
0.2804475426673889
0.17552584409713745
0.18813177943229675
0.16780541837215424
0.22271816432476044
0.19048573076725006
0.360930472612381
0.21104423701763153
0.14680486917495728
0.1584947556257248
0.1374235451221466
0.15613175928592682
0.2183118313550949
0.20936134457588196
0.418695867061615
0.18360599875450134
0.12396072596311569
0.3350368142127991
0.1784542351961136
0.12204936891794205
0.20822197198867798
0.14046114683151245
0.1423701047897339
0.13592272996902466
0.19724763929843903
0.210159569978714
0.2678982615470886
0.16370058059692383
0.19005149602890015
0.15132957696914673
0.14761720597743988
0.25720223784446716
0.15378786623477936
0.2397828847169876
0.24646557867527008
0.13599014282226562
0.1361093819141388
0.28246116638183594
0.2617737054824829
0.15572500228881836
0.16835492849349976
0.19770106673240662
0.1550081968307495
0.29492253065109253
0.20368100702762604
0.28869524598121643
0.19464994966983795
0.13775226473808289
0.2324468046426773
0.39880481362342834
0.2152576446533203
0.1697702556848526
0.18666577339172363
0.15212202072143555
0.1680660992860794
0.18792569637298584
0.3876574635505676
0.3687141537666321
0.14938296377658844
0.19207164645195007
0.1886540949344635
0.11491832137107849
0.15649151802062988
0.1312052458524704
0.162112757563591
0.2447330206632614
0.12908707559108734
0.16610515117645264
0.1534009426832199
0.23831523954868317
0.30469098687171936
0.21846391260623932
0.23455464839935303
0.15935413539409637
0.3365795612335205
0.19253630936145782
0.2726721465587616
0.13997353613376617
0.13757655024528503
0.25944414734840393
0.17819830775260925
0.25236955285072327
0.18360991775989532
0.2171098291873932
0.15083351731300354
0.34483808279037476
0.23784729838371277
0.16174651682376862
0.18168538808822632
0.174557626247406
0.25964730978012085
0.16847307980060577
0.21421805024147034
0.17581406235694885
0.3385474681854248
0.16097788512706757
0.14163246750831604
0.18922854959964752
0.2003190517425537
0.19375386834144592
0.2182757556438446
0.2792983949184418
0.170384481549263
0.1287643164396286
0.14455187320709229
0.2240421175956726
0.14451386034488678
0.19110453128814697
0.16323570907115936
0.2602231204509735
0.19404591619968414
0.23966921865940094
0.23238147795200348
0.15055212378501892
0.2064342200756073
0.14780034124851227
0.16483798623085022
0.20791193842887878
0.34809401631355286
0.221272811293602
0.2689838111400604
0.21269406378269196
0.18672384321689606
0.15177461504936218
0.12641236186027527
0.18541830778121948
0.14732986688613892
0.16179850697517395
0.12565310299396515
0.28147080540657043
0.22086265683174133
0.2237856388092041
0.1478932797908783
0.12951906025409698
0.1648104041814804
0.129880890250206
0.15989038348197937
0.11511975526809692
0.40868231654167175
0.16489320993423462
0.27408868074417114
0.18243102729320526
0.20015127956867218
0.19790779054164886
0.13968177139759064
0.12208995223045349
0.25777101516723633
0.1468038111925125
0.1315903216600418
0.14951004087924957
0.15041153132915497
0.17379987239837646
0.1971583068370819
0.11736850440502167
0.14434275031089783
0.1515289694070816
0.18223226070404053
0.16599918901920319
0.2992416322231293
0.16506050527095795
0.2166677564382553
0.3151240944862366
0.12082072347402573
0.19565901160240173
0.18715600669384003
0.133149191737175
0.23767632246017456
0.22439846396446228
0.30354297161102295
0.2726198732852936
0.15669862926006317
0.2297319769859314
0.12186072766780853
0.33016902208328247
0.28821036219596863
0.1407310664653778
0.14744074642658234
0.2687692642211914
0.24509373307228088
0.19502052664756775
0.14384253323078156
0.1563253402709961
0.2605395019054413
0.1837141513824463
0.21101026237010956
0.1623903214931488
0.11188040673732758
0.11112932860851288
0.17313921451568604
0.15386755764484406
0.15146459639072418
0.1287386119365692
0.1444891095161438
0.21229690313339233
0.3713667094707489
0.17411744594573975
0.1551520675420761
0.12338614463806152
0.10977162420749664
0.21169577538967133
0.12094171345233917
0.14273479580879211
0.20004618167877197
0.1438518464565277
0.11408378183841705
0.10948646813631058
0.34623613953590393
0.19483453035354614
0.1319166123867035
0.12244364619255066
0.13094757497310638
0.1264081746339798
0.11883360892534256
0.1379675716161728
0.39315637946128845
0.17865301668643951
0.1445399820804596
0.1546468734741211
0.1430506855249405
0.22312316298484802
0.22532068192958832
0.23123511672019958
0.1703450232744217
0.17014580965042114
0.12932373583316803
0.20447511970996857
0.24368062615394592
0.13696327805519104
0.1576482206583023
0.11212888360023499
0.12003612518310547
0.21430478990077972
0.15821221470832825
0.3269014358520508
0.166889488697052
0.26048940420150757
0.13995902240276337
0.2528623938560486
0.1958824098110199
0.24351491034030914
0.2248767763376236
0.17906968295574188
0.11909683793783188
0.15969043970108032
0.21325121819972992
0.20702862739562988
0.20756542682647705
0.28952479362487793
0.20277239382266998
0.15281112492084503
0.1979115605354309
0.22844049334526062
0.2467702329158783
0.20583423972129822
0.15105243027210236
0.1246645376086235
0.15652276575565338
0.15597406029701233
0.2747299373149872
0.19226938486099243
0.18158584833145142
0.17185811698436737
0.1433420330286026
0.2949810326099396
0.18203972280025482
0.1947581022977829
0.30123937129974365
0.16964785754680634
0.2236149162054062
0.13658615946769714
0.11062788218259811
0.186416357755661
0.43341436982154846
0.17998789250850677
0.15252099931240082
0.26602694392204285
0.1294870227575302
0.15753193199634552
0.21598240733146667
0.1980985403060913
0.35819199681282043
0.20826168358325958
0.10509531944990158
0.13839058578014374
0.12047866731882095
0.11724616587162018
0.19657206535339355
0.15355129539966583
0.2480625957250595
0.18205150961875916
0.32669180631637573
0.26072511076927185
0.18559493124485016
0.2349928319454193
0.3615763485431671
0.16381363570690155
0.2105780839920044
0.21444526314735413
0.17968285083770752
0.13364508748054504
0.12870143353939056
0.19154687225818634
0.16853170096874237
0.11551333963871002
0.14673806726932526
0.14487522840499878
0.2816588282585144
0.28336843848228455
0.2304932028055191
0.20924335718154907
0.26040950417518616
0.17990832030773163
0.13670788705348969
0.16297779977321625
0.276288777589798
0.34044888615608215
0.3201451599597931
0.3194660544395447
0.18049152195453644
0.21033722162246704
0.13463328778743744
0.18912369012832642
0.18079440295696259
0.14557141065597534
0.18721291422843933
0.1678246110677719
0.19777770340442657
0.1797776222229004
0.16509023308753967
0.32134291529655457
0.24974580109119415
0.2020300328731537
0.2230965942144394
0.17235060036182404
0.26961860060691833
0.18710264563560486
0.1677914410829544
0.14081557095050812
0.34058767557144165
0.202256977558136
0.13076967000961304
0.1530722975730896
0.11174977570772171
0.20913894474506378
0.21539001166820526
0.1927306205034256
0.2161281853914261
0.1301276832818985
0.13707077503204346
0.20592981576919556
0.14000053703784943
0.146298348903656
0.13208742439746857
0.1299605518579483
0.14454787969589233
0.1433686763048172
0.38346338272094727
0.1664450764656067
0.25586560368537903
0.18148794770240784
0.1305857002735138
0.1730298399925232
0.285005658864975
0.1281765103340149
0.13354988396167755
0.22711358964443207
0.21348270773887634
0.2410542219877243
0.1311580091714859
0.1658138930797577
0.1503862887620926
0.1839442253112793
0.25929465889930725
0.15415175259113312
0.18103419244289398
0.12624847888946533
0.13324622809886932
0.23098190128803253
0.15510839223861694
0.19249574840068817
0.19410790503025055
0.17786890268325806
0.11684315651655197
0.09523791819810867
0.12569774687290192
0.17606893181800842
0.17252765595912933
0.13175874948501587
0.18943163752555847
0.1510022133588791
0.14778302609920502
0.110108882188797
0.10706847161054611
0.16492994129657745
0.220844566822052
0.15334245562553406
0.19872035086154938
0.20240981876850128
0.2750627398490906
0.23145075142383575
0.2582613229751587
0.18066923320293427
0.17213712632656097
0.1646069884300232
0.20556394755840302
0.1592545211315155
0.21850626170635223
0.2950080633163452
0.11847694218158722
0.14216065406799316
0.16335482895374298
0.13156388700008392
0.2591709494590759
0.1550268828868866
0.2188149392604828
0.12166949361562729
0.17516650259494781
0.13587799668312073
0.1423122137784958
0.13219328224658966
0.13892675936222076
0.2147464156150818
0.12205009907484055
0.20694932341575623
0.1487632393836975
0.17716124653816223
0.12644879519939423
0.20654337108135223
0.20456205308437347
0.15860912203788757
0.3699316084384918
0.16700391471385956
0.13019439578056335
0.17632943391799927
0.16967135667800903
0.1275956779718399
0.21647879481315613
0.16458821296691895
0.2084224373102188
0.2611769735813141
0.15373919904232025
0.34999746084213257
0.16052833199501038
0.33323609828948975
0.14833882451057434
0.1775098741054535
0.20077621936798096
0.24996306002140045
0.15180501341819763
0.12651483714580536
0.23527111113071442
0.19725723564624786
0.22154994308948517
0.19005008041858673
0.13287010788917542
0.2037455290555954
0.1360379010438919
0.23417574167251587
0.1512535810470581
0.19795134663581848
0.3835441768169403
0.20223365724086761
0.14787596464157104
0.17286671698093414
0.11814545840024948
0.3878437578678131
0.23936127126216888
0.22479873895645142
0.17655479907989502
0.13668709993362427
0.10609499365091324
0.1971236616373062
0.18381263315677643
0.26530393958091736
0.18329408764839172
0.13138744235038757
0.22916735708713531
0.17804332077503204
0.16505181789398193
0.1270056813955307
0.10663656145334244
0.2202782928943634
0.13254490494728088
0.21542328596115112
0.20124714076519012
0.15761873126029968
0.12520723044872284
0.20237793028354645
0.1565588116645813
0.16709814965724945
0.23156209290027618
0.36312052607536316
0.1356867104768753
0.1900666356086731
0.44155845046043396
0.16624879837036133
0.2221575230360031
0.1665697991847992
0.1268516480922699
0.15512998402118683
0.1157827079296112
0.1895865797996521
0.14107492566108704
0.16208481788635254
0.1696561723947525
0.11665621399879456
0.1346786618232727
0.22970741987228394
0.1329481601715088
0.2979072034358978
0.19515253603458405
0.1744941771030426
0.16683973371982574
0.2050091177225113
0.12035485357046127
0.09414462745189667
0.21129210293293
0.11821787804365158
0.21665842831134796
0.18258623778820038
0.11432105302810669
0.21480946242809296
0.22982344031333923
0.13570846617221832
0.1715184599161148
0.16481533646583557
0.1378590315580368
0.17556023597717285
0.1523994505405426
0.25321146845817566
0.23209157586097717
0.20992881059646606
0.17414380609989166
0.18829837441444397
0.13683004677295685
0.16965001821517944
0.19211696088314056
0.14102375507354736
0.17718875408172607
0.12492578476667404
0.17264536023139954
0.1727498322725296
0.1960887610912323
0.15756073594093323
0.15505774319171906
0.18056070804595947
0.2712216377258301
0.23690372705459595
0.2418615221977234
0.13554894924163818
0.15180031955242157
0.19461902976036072
0.3039201498031616
0.33064699172973633
0.21735326945781708
0.1651667058467865
0.26708361506462097
0.20042897760868073
0.14856277406215668
0.23161226511001587
0.2365880310535431
0.1660735160112381
0.191681370139122
0.17951935529708862
0.24739675223827362
0.4700455963611603
0.19539786875247955
0.12906445562839508
0.12745197117328644
0.175314798951149
0.1758742332458496
0.1616716980934143
0.17211943864822388
0.2744206488132477
0.20282837748527527
0.14465568959712982
0.24358220398426056
0.30219945311546326
0.2666943669319153
0.1629713475704193
0.11551004648208618
0.13786807656288147
0.31095418334007263
0.15592820942401886
0.2667731046676636
0.239064022898674
0.23437318205833435
0.1386372298002243
0.15411129593849182
0.14936862885951996
0.14609435200691223
0.10610455274581909
0.14924582839012146
0.22251765429973602
0.14642836153507233
0.15666024386882782
0.0992094948887825
0.09037599712610245
0.25031960010528564
0.2855062186717987
0.2347850352525711
0.3636986315250397
0.13499514758586884
0.19363164901733398
0.32081088423728943
0.14292775094509125
0.15421424806118011
0.17370085418224335
0.14990295469760895
0.2181653082370758
0.22870242595672607
0.15185895562171936
0.19999155402183533
0.17500939965248108
0.2076224535703659
0.2439010739326477
0.16344624757766724
0.15694749355316162
0.12949992716312408
0.14860133826732635
0.24835439026355743
0.13842634856700897
0.18797652423381805
0.10901111364364624
0.1185421273112297
0.1535407453775406
0.1783992201089859
0.1363740712404251
0.2310035675764084
0.18140460550785065
0.20043517649173737
0.19043292105197906
0.26531878113746643
0.20176847279071808
0.1936039924621582
0.294568806886673
0.14345782995224
0.14023441076278687
0.11553829163312912
0.1351568102836609
0.22544407844543457
0.18411153554916382
0.18279793858528137
0.2643699049949646
0.18999123573303223
0.23398607969284058
0.20154771208763123
0.21321411430835724
0.1690804809331894
0.11977123469114304
0.10686640441417694
0.1831859052181244
0.22601570188999176
0.14510056376457214
0.1275312602519989
0.17770014703273773
0.18179567158222198
0.15814357995986938
0.13616643846035004
0.227859228849411
0.2007526010274887
0.15205048024654388
0.12161324173212051
0.17729774117469788
0.13365040719509125
0.13814106583595276
0.5150562524795532
0.17841920256614685
0.1988658607006073
0.2522759735584259
0.29030317068099976
0.16104282438755035
0.22112113237380981
0.1926584094762802
0.14245177805423737
0.1114836111664772
0.1340445876121521
0.14274202287197113
0.14059296250343323
0.13290616869926453
0.20486538112163544
0.15448002517223358
0.13837456703186035
0.190995991230011
0.17990723252296448
0.15387001633644104
0.11351338028907776
0.12250181287527084
0.16369867324829102
0.1485271006822586
0.15296824276447296
0.20450924336910248
0.15520237386226654
0.22126293182373047
0.17785826325416565
0.16732320189476013
0.1803704798221588
0.1992616057395935
0.19137068092823029
0.23694364726543427
0.3476225733757019
0.2557346224784851
0.3660949170589447
0.15218447148799896
0.17761962115764618
0.1771426945924759
0.25834569334983826
0.3310527205467224
0.14377059042453766
0.17762255668640137
0.14602260291576385
0.11669080704450607
0.12407632172107697
0.1977759599685669
0.1372940093278885
0.1748126894235611
0.12406603991985321
0.1061028242111206
0.1735227406024933
0.16558906435966492
0.3044576644897461
0.30579760670661926
0.19722263514995575
0.1861477941274643
0.3075975775718689
0.12986470758914948
0.19328917562961578
0.15543362498283386
0.2057695835828781
0.18900366127490997
0.17388233542442322
0.14580973982810974
0.25910744071006775
0.14597415924072266
0.2266930788755417
0.22989973425865173
0.22180737555027008
0.1620894968509674
0.1431775540113449
0.14127309620380402
0.16980718076229095
0.2374233901500702
0.12675483524799347
0.12045446038246155
0.14515550434589386
0.14482471346855164
0.4120091199874878
0.15720325708389282
0.15348482131958008
0.12826606631278992
0.18115298449993134
0.14490513503551483
0.09423705190420151
0.14524748921394348
0.1862470656633377
0.18056029081344604
0.1209840327501297
0.1319829225540161
0.11277556419372559
0.15210168063640594
0.23264777660369873
0.1571519374847412
0.18630869686603546
0.12058642506599426
0.16331090033054352
0.19668371975421906
0.13655608892440796
0.13937725126743317
0.13520006835460663
0.09346602857112885
0.1290622502565384
0.25092944502830505
0.1638774424791336
0.23862944543361664
0.1342747062444687
0.15085415542125702
0.3159380257129669
0.20399589836597443
0.15982195734977722
0.17561624944210052
0.18243853747844696
0.16771221160888672
0.1565440446138382
0.13465604186058044
0.12674859166145325
0.16147024929523468
0.2087380737066269
0.24157163500785828
0.15402254462242126
0.27877017855644226
0.21681217849254608
0.13744160532951355
0.33384138345718384
0.1807582974433899
0.21854180097579956
0.2250305861234665
0.10677284002304077
0.21548426151275635
0.2420058399438858
0.12528277933597565
0.29026079177856445
0.23403261601924896
0.1467694491147995
0.21089625358581543
0.32389360666275024
0.25512710213661194
0.27058348059654236
0.15032389760017395
0.11373164504766464
0.19333238899707794
0.1298069804906845
0.1806529313325882
0.19019126892089844
0.15764208137989044
0.12200886011123657
0.29002341628074646
0.21398571133613586
0.17003986239433289
0.1990763247013092
0.16159367561340332
0.24721957743167877
0.12852025032043457
0.42471274733543396
0.1758844405412674
0.1657654047012329
0.14105653762817383
0.1724168360233307
0.2362445741891861
0.12925051152706146
0.12352476269006729
0.13230684399604797
0.21054264903068542
0.12774309515953064
0.12645244598388672
0.1093352809548378
0.23595702648162842
0.1258874386548996
0.19804805517196655
0.1477014273405075
0.17985939979553223
0.16198191046714783
0.17621265351772308
0.12592239677906036
0.13503561913967133
0.14753255248069763
0.16861334443092346
0.16806945204734802
0.17333664000034332
0.22452503442764282
0.21968047320842743
0.19252057373523712
0.21013617515563965
0.12580275535583496
0.10726046562194824
0.18469998240470886
0.12692289054393768
0.10321783274412155
0.15253184735774994
0.11109195649623871
0.11922178417444229
0.18385012447834015
0.2235708236694336
0.16214324533939362
0.14857997000217438
0.0997651144862175
0.11352724581956863
0.2551594078540802
0.2770574986934662
0.19742362201213837
0.24468690156936646
0.2025337815284729
0.3247179388999939
0.13697825372219086
0.1617630273103714
0.2582972049713135
0.16273805499076843
0.178545743227005
0.18687626719474792
0.16189861297607422
0.3127390444278717
0.16576798260211945
0.24062129855155945
0.11693581938743591
0.11829876154661179
0.17415297031402588
0.12596383690834045
0.20224563777446747
0.19204746186733246
0.1453363448381424
0.14319999516010284
0.1380665898323059
0.1966651827096939
0.22013963758945465
0.17682898044586182
0.15896086394786835
0.20091146230697632
0.18265534937381744
0.14369097352027893
0.14401830732822418
0.19661548733711243
0.14438104629516602
0.15338586270809174
0.16666795313358307
0.11218933016061783
0.1902511864900589
0.25231409072875977
0.17779436707496643
0.4240567088127136
0.16498792171478271
0.3228949010372162
0.14043325185775757
0.18313926458358765
0.21640905737876892
0.13494662940502167
0.15652015805244446
0.160785511136055
0.19138678908348083
0.2311849147081375
0.16836369037628174
0.20458602905273438
0.2447780817747116
0.2099241316318512
0.17014090716838837
0.15162864327430725
0.18733403086662292
0.26448971033096313
0.1684403121471405
0.3798132538795471
0.2569783627986908
0.16977189481258392
0.16334930062294006
0.1474430114030838
0.15544916689395905
0.13836964964866638
0.11993247270584106
0.1378573328256607
0.16489188373088837
0.2782216966152191
0.15005064010620117
0.17079608142375946
0.14804279804229736
0.3833305537700653
0.23328682780265808
0.22748520970344543
0.1752874106168747
0.18957942724227905
0.16238398849964142
0.14978671073913574
0.18677139282226562
0.1270887404680252
0.13083624839782715
0.24260281026363373
0.25600168108940125
0.11354158073663712
0.17288270592689514
0.170212060213089
0.15152302384376526
0.17771948873996735
0.21341878175735474
0.25164520740509033
0.24716874957084656
0.19019822776317596
0.20823994278907776
0.1526820808649063
0.08915965259075165
0.17506124079227448
0.13907118141651154
0.15517348051071167
0.13901226222515106
0.09731663018465042
0.153761625289917
0.14819100499153137
0.36883071064949036
0.11460650712251663
0.2189442217350006
0.11701766401529312
0.2939958870410919
0.33071649074554443
0.18861757218837738
0.24185946583747864
0.2418222576379776
0.1938558965921402
0.11280910670757294
0.15249943733215332
0.14502693712711334
0.15565736591815948
0.26851126551628113
0.15242096781730652
0.1744971126317978
0.15540409088134766
0.1419214904308319
0.13573867082595825
0.11743784695863724
0.15563565492630005
0.15326140820980072
0.14253635704517365
0.11830262839794159
0.135179340839386
0.21045491099357605
0.09898148477077484
0.23726579546928406
0.27315133810043335
0.1544916331768036
0.15176111459732056
0.19864246249198914
0.23506015539169312
0.1996259093284607
0.18088017404079437
0.13698247075080872
0.3158198893070221
0.16339072585105896
0.2291947901248932
0.22473005950450897
0.1228998601436615
0.14193297922611237
0.1454036831855774
0.220069020986557
0.1489420384168625
0.1854807287454605
0.1545661985874176
0.17356717586517334
0.27915307879447937
0.14054957032203674
0.1712832897901535
0.13557542860507965
0.19936122000217438
0.17416660487651825
0.1263887584209442
0.1084207072854042
0.16142690181732178
0.2272978574037552
0.17746470868587494
0.14855125546455383
0.19616147875785828
0.1618824154138565
0.15869547426700592
0.25114646553993225
0.1366199404001236
0.18574266135692596
0.2900769114494324
0.27704980969429016
0.23399323225021362
0.26270851492881775
0.19039635360240936
0.24298369884490967
0.20979388058185577
0.18868644535541534
0.24172337353229523
0.21846501529216766
0.2902783453464508
0.32841193675994873
0.17408359050750732
0.2024695724248886
0.26119908690452576
0.19688460230827332
0.1722940057516098
0.1323128342628479
0.23219998180866241
0.1136075109243393
0.23175765573978424
0.16200457513332367
0.16837529838085175
0.16728033125400543
0.2860877513885498
0.2971457839012146
0.3337631821632385
0.2382420003414154
0.11290349811315536
0.17344440519809723
0.1938527226448059
0.17530091106891632
0.11924465000629425
0.13380835950374603
0.13281261920928955
0.28628143668174744
0.24222353100776672
0.13078023493289948
0.13755019009113312
0.1191013753414154
0.3489137589931488
0.13049621880054474
0.1669985055923462
0.12626558542251587
0.17076674103736877
0.16251128911972046
0.21425767242908478
0.11244156211614609
0.17160120606422424
0.12634924054145813
0.1005559042096138
0.17733332514762878
0.14376646280288696
0.26049181818962097
0.1514866203069687
0.17553648352622986
0.1781836748123169
0.16242295503616333
0.24251408874988556
0.16270245611667633
0.1393347829580307
0.19489094614982605
0.19580639898777008
0.20531243085861206
0.13457880914211273
0.22081883251667023
0.14486834406852722
0.13511477410793304
0.1310887187719345
0.12585635483264923
0.1638365238904953
0.2548334002494812
0.19259756803512573
0.183241069316864
0.16837751865386963
0.23343297839164734
0.22984914481639862
0.20225964486598969
0.1656349152326584
0.32534343004226685
0.16314373910427094
0.22189800441265106
0.13852569460868835
0.09668533504009247
0.14406444132328033
0.31863728165626526
0.19108149409294128
0.15724079310894012
0.16000030934810638
0.18079335987567902
0.2142113298177719
0.18743620812892914
0.19729529321193695
0.1545591950416565
0.2513435184955597
0.17292888462543488
0.19974762201309204
0.14583434164524078
0.1893434375524521
0.15755698084831238
0.1387879103422165
0.12042324990034103
0.1719350814819336
0.12865889072418213
0.17860451340675354
0.25443294644355774
0.12804387509822845
0.1510804444551468
0.21016158163547516
0.15681074559688568
0.20696334540843964
0.18644122779369354
0.2720423936843872
0.20792241394519806
0.2732621729373932
0.12478366494178772
0.19835281372070312
0.14786258339881897
0.11682678014039993
0.13228967785835266
0.18256579339504242
0.10039030760526657
0.1358528733253479
0.22404000163078308
0.13340812921524048
0.15091657638549805
0.4490201473236084
0.21116867661476135
0.14782306551933289
0.16601912677288055
0.15750251710414886
0.12101773172616959
0.19566413760185242
0.20637807250022888
0.35258474946022034
0.254323273897171
0.26911017298698425
0.19517433643341064
0.27377593517303467
0.2725302577018738
0.2253219485282898
0.1976461112499237
0.17588834464550018
0.15841816365718842
0.11457591503858566
0.19147275388240814
0.24376100301742554
0.22732917964458466
0.15146374702453613
0.1034756675362587
0.1470397412776947
0.1354246586561203
0.13417978584766388
0.2877543866634369
0.09028886258602142
0.3683941662311554
0.2332441806793213
0.14647184312343597
0.28841057419776917
0.37260425090789795
0.26277273893356323
0.1384984701871872
0.22563305497169495
0.1607499122619629
0.22226440906524658
0.1263657659292221
0.17037799954414368
0.1164417415857315
0.1355426013469696
0.2098279595375061
0.2382451891899109
0.16900736093521118
0.13383489847183228
0.2306753545999527
0.2500912845134735
0.11017642170190811
0.13929614424705505
0.20756426453590393
0.1334453821182251
0.22387094795703888
0.13126762211322784
0.12271404266357422
0.2554040551185608
0.23327051103115082
0.14938361942768097
0.14520320296287537
0.16423015296459198
0.1578332930803299
0.136869415640831
0.1389620453119278
0.1601492464542389
0.19256573915481567
0.13658912479877472
0.1787535548210144
0.1613667905330658
0.11996912956237793
0.14912740886211395
0.2187182903289795
0.1365242898464203
0.17646601796150208
0.2114155888557434
0.205551877617836
0.19940127432346344
0.22817465662956238
0.1661231964826584
0.1379045695066452
0.1754707247018814
0.09970360994338989
0.13913404941558838
0.1883723884820938
0.12799860537052155
0.19796662032604218
0.11466459929943085
0.17658871412277222
0.12285923957824707
0.19801077246665955
0.12224825471639633
0.17966896295547485
0.1107415184378624
0.21291428804397583
0.2920559048652649
0.1962064653635025
0.14447210729122162
0.1416172981262207
0.15485817193984985
0.15395261347293854
0.16857442259788513
0.13437120616436005
0.1230950653553009
0.09074123948812485
0.16284066438674927
0.19022342562675476
0.1393740028142929
0.24360500276088715
0.2145814746618271
0.14485281705856323
0.12252483516931534
0.26866957545280457
0.12650030851364136
0.16899476945400238
0.2765764594078064
0.14670808613300323
0.1672924906015396
0.13085071742534637
0.19432394206523895
0.15701965987682343
0.1030891016125679
0.11828721314668655
0.1287420392036438
0.17900429666042328
0.1413464993238449
0.11180189251899719
0.2984859347343445
0.2782610356807709
0.2841759920120239
0.19296017289161682
0.15539875626564026
0.24915622174739838
0.37108179926872253
0.19665028154850006
0.19079779088497162
0.13185417652130127
0.14243389666080475
0.18723711371421814
0.1436762809753418
0.17370709776878357
0.1820022612810135
0.14494313299655914
0.10304546356201172
0.18274717032909393
0.0884706974029541
0.19144919514656067
0.23174411058425903
0.12536074221134186
0.13083404302597046
0.33219897747039795
0.15794174373149872
0.26226264238357544
0.2317357063293457
0.11981412023305893
0.25918832421302795
0.30208566784858704
0.14954756200313568
0.1777433604001999
0.174723818898201
0.31236329674720764
0.15579116344451904
0.17982009053230286
0.15190140902996063
0.23346863687038422
0.22411274909973145
0.1780412346124649
0.19008363783359528
0.19177640974521637
0.1366819590330124
0.21860693395137787
0.17987774312496185
0.3320803940296173
0.1861484944820404
0.18021298944950104
0.19930221140384674
0.1323222517967224
0.12286893278360367
0.2314550280570984
0.14873318374156952
0.21435989439487457
0.11945327371358871
0.19123882055282593
0.19431860744953156
0.18278543651103973
0.5272015929222107
0.20011498034000397
0.2976192235946655
0.2841360569000244
0.17835091054439545
0.13378669321537018
0.23533479869365692
0.13645648956298828
0.13581830263137817
0.13190340995788574
0.13585525751113892
0.13190986216068268
0.16824203729629517
0.11948154121637344
0.18320268392562866
0.2140088975429535
0.22649501264095306
0.20477336645126343
0.1146809309720993
0.1251501590013504
0.29583582282066345
0.23358002305030823
0.1532583087682724
0.126312255859375
0.18003806471824646
0.15972760319709778
0.14610634744167328
0.18321505188941956
0.12709489464759827
0.16735799610614777
0.2555158734321594
0.142777219414711
0.11187746375799179
0.17395956814289093
0.14381709694862366
0.13098998367786407
0.1237705647945404
0.10392652451992035
0.2617535889148712
0.1632637083530426
0.10371498763561249
0.1413731873035431
0.1802515685558319
0.11096732318401337
0.21432413160800934
0.13717681169509888
0.21517257392406464
0.17849352955818176
0.15927442908287048
0.23185741901397705
0.44091254472732544
0.15162934362888336
0.1920105367898941
0.21646738052368164
0.2637540102005005
0.24162475764751434
0.23490652441978455
0.17310377955436707
0.1134616807103157
0.12899209558963776
0.19581925868988037
0.19126258790493011
0.14581087231636047
0.1283714771270752
0.09586374461650848
0.24155472218990326
0.20251338183879852
0.19462764263153076
0.2162937968969345
0.16190847754478455
0.10284998267889023
0.1289156675338745
0.25473928451538086
0.221195787191391
0.16007640957832336
0.21759535372257233
0.22233609855175018
0.15688854455947876
0.15394741296768188
0.15379533171653748
0.13618826866149902
0.19373586773872375
0.2555775046348572
0.1410832554101944
0.1407996267080307
0.1758141815662384
0.14431190490722656
0.13765230774879456
0.17215420305728912
0.14642421901226044
0.12396101653575897
0.11190645396709442
0.21440589427947998
0.1406322568655014
0.10554510354995728
0.1960870325565338
0.12378746271133423
0.2852311134338379
0.26141664385795593
0.13754072785377502
0.11441802978515625
0.17934000492095947
0.1372753530740738
0.23438194394111633
0.17406828701496124
0.13450174033641815
0.15068002045154572
0.23813942074775696
0.13174641132354736
0.20028898119926453
0.12333120405673981
0.22556039690971375
0.2869199514389038
0.14084209501743317
0.23439723253250122
0.2802044749259949
0.2869618833065033
0.21899430453777313
0.17149285972118378
0.17304609715938568
0.1883845329284668
0.18434809148311615
0.22592709958553314
0.36537256836891174
0.2623159885406494
0.2287788838148117
0.19168955087661743
0.1977299004793167
0.18047723174095154
0.1430763453245163
0.12483081221580505
0.21359020471572876
0.16060684621334076
0.13659314811229706
0.1040385514497757
0.14471927285194397
0.2586594820022583
0.21597200632095337
0.12138516455888748
0.15095381438732147
0.25491827726364136
0.22226040065288544
0.28206151723861694
0.16982881724834442
0.31029969453811646
0.1219479888677597
0.27085378766059875
0.1526031792163849
0.17059871554374695
0.2629989683628082
0.24345506727695465
0.1684333235025406
0.1634364277124405
0.16832272708415985
0.11769122630357742
0.21695576608181
0.30485761165618896
0.3308537006378174
0.2091408669948578
0.12354499846696854
0.13939861953258514
0.10868613421916962
0.20794573426246643
0.25021693110466003
0.12347456067800522
0.17821994423866272
0.19662350416183472
0.10845696181058884
0.2013290375471115
0.14265872538089752
0.12965616583824158
0.15659373998641968
0.13510072231292725
0.10996919125318527
0.30633848905563354
0.29866260290145874
0.1950867921113968
0.09670708328485489
0.13232940435409546
0.16554120182991028
0.1385110467672348
0.17380034923553467
0.2877609431743622
0.17452313005924225
0.09803953766822815
0.20421990752220154
0.1722816675901413
0.12578049302101135
0.20596888661384583
0.13077233731746674
0.1770099699497223
0.16380798816680908
0.21700601279735565
0.25188449025154114
0.17087820172309875
0.19178086519241333
0.13508911430835724
0.1426694244146347
0.11216552555561066
0.1444396674633026
0.2144881784915924
0.2002916783094406
0.17241448163986206
0.37936773896217346
0.19932641088962555
0.3654811382293701
0.14869743585586548
0.16944797337055206
0.15572130680084229
0.15716326236724854
0.13566240668296814
0.15209391713142395
0.2157135158777237
0.13212816417217255
0.11238470673561096
0.22042883932590485
0.2875380516052246
0.1406772881746292
0.24208875000476837
0.16508139669895172
0.15410540997982025
0.1438513696193695
0.10944036394357681
0.13158048689365387
0.14172351360321045
0.16961100697517395
0.1886814683675766
0.21573123335838318
0.2722874581813812
0.16071607172489166
0.13594700396060944
0.11501157283782959
0.18799707293510437
0.18248434364795685
0.24509182572364807
0.27403727173805237
0.2886947691440582
0.39353251457214355
0.21989242732524872
0.13743622601032257
0.15139222145080566
0.26350125670433044
0.2165667563676834
0.11864921450614929
0.1990087628364563
0.22712989151477814
0.16745279729366302
0.11443264782428741
0.12718239426612854
0.19926181435585022
0.12779900431632996
0.3223496377468109
0.1962822824716568
0.2425539195537567
0.126443549990654
0.1761232614517212
0.12902876734733582
0.11582720279693604
0.2004147469997406
0.15389369428157806
0.27270206809043884
0.2288975715637207
0.19979457557201385
0.16450278460979462
0.16333015263080597
0.13839836418628693
0.21646328270435333
0.2774488031864166
0.25184330344200134
0.28267934918403625
0.2515525817871094
0.1663494110107422
0.11420633643865585
0.17991536855697632
0.13820582628250122
0.1799946278333664
0.3143373727798462
0.1765795648097992
0.23575277626514435
0.21447055041790009
0.16619744896888733
0.20800596475601196
0.198220357298851
0.28688180446624756
0.16267581284046173
0.1578681915998459
0.2673178017139435
0.21316340565681458
0.12129341065883636
0.1355011761188507
0.11407840251922607
0.15186236798763275
0.26279526948928833
0.13444958627223969
0.15600581467151642
0.13130329549312592
0.1281774640083313
0.10553212463855743
0.20801039040088654
0.18864496052265167
0.15494054555892944
0.12345944344997406
0.1406385898590088
0.16679012775421143
0.18146027624607086
0.27299243211746216
0.2586442530155182
0.16104106605052948
0.27767708897590637
0.23034510016441345
0.13212032616138458
0.19349633157253265
0.1859610229730606
0.17323967814445496
0.14524362981319427
0.24204346537590027
0.20385313034057617
0.2679383456707001
0.16600704193115234
0.3314267098903656
0.15513531863689423
0.21561868488788605
0.16094453632831573
0.12571944296360016
0.16779352724552155
0.12559951841831207
0.167924702167511
0.1485404670238495
0.25956040620803833
0.1630726307630539
0.14549829065799713
0.18026220798492432
0.16021448373794556
0.24756798148155212
0.24070917069911957
0.12886790931224823
0.34367039799690247
0.28242531418800354
0.1701437383890152
0.2207939773797989
0.20836792886257172
0.14189064502716064
0.1565956473350525
0.1815022975206375
0.11728588491678238
0.2695798873901367
0.1342156082391739
0.3655379116535187
0.24757108092308044
0.32470768690109253
0.2450990378856659
0.15406052768230438
0.22043058276176453
0.1551639586687088
0.22184592485427856
0.21836529672145844
0.21771450340747833
0.15470893681049347
0.1059936136007309
0.10911167412996292
0.16318964958190918
0.21735228598117828
0.12839365005493164
0.20296134054660797
0.19426903128623962
0.32842952013015747
0.22651441395282745
0.12227984517812729
0.15686947107315063
0.1998024433851242
0.1608068346977234
0.15219298005104065
0.15457135438919067
0.1315920054912567
0.15901654958724976
0.24714677035808563
0.2646282911300659
0.23021300137043
0.22839777171611786
0.17342248558998108
0.16999812424182892
0.3171904981136322
0.15591810643672943
0.13384857773780823
0.16354143619537354
0.14331334829330444
0.21912498772144318
0.16722051799297333
0.11779770255088806
0.10864537954330444
0.1812417209148407
0.24325300753116608
0.2168174535036087
0.2384021282196045
0.23081110417842865
0.2957526445388794
0.118218332529068
0.22357426583766937
0.20260265469551086
0.26408639550209045
0.15355177223682404
0.1792566031217575
0.13446013629436493
0.18076208233833313
0.10263333469629288
0.1731172353029251
0.10508045554161072
0.1689215898513794
0.133607879281044
0.19763049483299255
0.4180314838886261
0.12993857264518738
0.16378939151763916
0.11927833408117294
0.2713492214679718
0.16117443144321442
0.13922367990016937
0.19493140280246735
0.13182805478572845
0.1315518319606781
0.14269131422042847
0.2845226228237152
0.18122230470180511
0.16674010455608368
0.1638031154870987
0.22860541939735413
0.12927165627479553
0.12196308374404907
0.1583804339170456
0.11736519634723663
0.21173249185085297
0.2399335652589798
0.12881910800933838
0.16043642163276672
0.19819214940071106
0.1651579588651657
0.20188462734222412
0.14681346714496613
0.18315818905830383
0.19318537414073944
0.21107718348503113
0.17513525485992432
0.22597149014472961
0.21296122670173645
0.14303477108478546
0.31458309292793274
0.26017051935195923
0.2212243676185608
0.1214272677898407
0.16212265193462372
0.1320410966873169
0.17963658273220062
0.17948786914348602
0.14679914712905884
0.1109144315123558
0.3161928355693817
0.23136571049690247
0.1339975744485855
0.13176745176315308
0.1235726922750473
0.16418924927711487
0.1633947193622589
0.1411101222038269
0.2857980728149414
0.17913375794887543
0.23591257631778717
0.35917580127716064
0.1952940672636032
0.221113920211792
0.1522146463394165
0.1493304967880249
0.1644919216632843
0.23876288533210754
0.17108559608459473
0.15776567161083221
0.10490810126066208
0.12343966960906982
0.09917996823787689
0.19658195972442627
0.28706541657447815
0.17328093945980072
0.15944387018680573
0.15006424486637115
0.11129986494779587
0.12672145664691925
0.13839875161647797
0.29124993085861206
0.25944504141807556
0.2573194205760956
0.25082534551620483
0.17478714883327484
0.15100455284118652
0.13463927805423737
0.1558752804994583
0.18172623217105865
0.28786444664001465
0.15344902873039246
0.12623970210552216
0.16198515892028809
0.12923601269721985
0.1680213063955307
0.20186543464660645
0.19544340670108795
0.17343325912952423
0.158324733376503
0.35971376299858093
0.2825779914855957
0.20379632711410522
0.19596724212169647
0.13355188071727753
0.17527912557125092
0.15909740328788757
0.20908759534358978
0.13716262578964233
0.22708921134471893
0.12637843191623688
0.1337621510028839
0.20385272800922394
0.2629780173301697
0.3346342146396637
0.20519192516803741
0.11695091426372528
0.19026504456996918
0.23763805627822876
0.14551150798797607
0.27520570158958435
0.1174166277050972
0.13127180933952332
0.2804020643234253
0.24599890410900116
0.32058387994766235
0.20114050805568695
0.153529554605484
0.20183224976062775
0.20405828952789307
0.306007981300354
0.1613324135541916
0.16115005314350128
0.12212679535150528
