0.26198336482048035
2.497715473175049
9.32265853881836
5.74429988861084
1.241287350654602
1.8429770469665527
0.9020168781280518
0.9423357248306274
0.417349249124527
0.3671601116657257
0.4471072256565094
0.32253745198249817
0.2276274859905243
0.17625825107097626
0.4902953803539276
0.43012136220932007
0.31167668104171753
0.28134778141975403
0.2163386195898056
0.3066519796848297
0.2533982992172241
0.15655826032161713
0.2649707794189453
0.2839205265045166
0.30907106399536133
0.29198411107063293
0.2755381464958191
0.4662867784500122
0.37886154651641846
0.2446136772632599
0.24551157653331757
0.26628559827804565
0.4751058518886566
0.5922681093215942
0.32509756088256836
0.22212401032447815
0.19808194041252136
0.24032863974571228
0.24339650571346283
0.17313484847545624
0.40107035636901855
0.24623964726924896
0.37202003598213196
0.1659596860408783
0.1827927678823471
0.29755863547325134
0.324817955493927
0.25678297877311707
0.27442488074302673
0.3368797302246094
0.23593753576278687
0.23494555056095123
0.26241132616996765
0.4516603648662567
0.39380839467048645
0.18580834567546844
0.1762811839580536
0.20500323176383972
0.30443254113197327
0.2182486206293106
0.15114685893058777
0.17754137516021729
0.14836789667606354
0.2443860024213791
0.6040662527084351
0.3953315317630768
0.18701738119125366
0.23330654203891754
0.2675027549266815
0.3841610252857208
0.3150019943714142
0.25141504406929016
0.17344819009304047
0.44133803248405457
0.4071412682533264
0.3970804214477539
0.20891007781028748
0.21642078459262848
0.20114251971244812
0.24438515305519104
0.28135719895362854
0.2573784589767456
0.1804630160331726
0.44376125931739807
0.3700930178165436
0.20299269258975983
0.2271852195262909
0.3218558132648468
0.1711248755455017
0.21000036597251892
0.23085346817970276
0.1617891639471054
0.18264034390449524
0.23288889229297638
0.23591867089271545
0.34147822856903076
0.3441263735294342
0.20930251479148865
0.2990108132362366
0.241875559091568
0.17890670895576477
0.23856842517852783
0.23681141436100006
0.22043055295944214
0.25407835841178894
0.25440502166748047
0.3880927264690399
0.32553592324256897
0.31292152404785156
0.3577180504798889
0.2993674576282501
0.48775866627693176
0.23644044995307922
0.21148477494716644
0.24423588812351227
0.29610639810562134
0.2624872922897339
0.27547234296798706
0.2321922332048416
0.27913492918014526
0.17089636623859406
0.20863695442676544
0.3420712947845459
0.2604164183139801
0.1684657484292984
0.2550187408924103
0.22080983221530914
0.19306300580501556
0.1617414355278015
0.32988736033439636
0.2497226893901825
0.29197630286216736
0.36905133724212646
0.20190462470054626
0.1491946429014206
0.22210592031478882
0.15980781614780426
0.20238475501537323
0.21121419966220856
0.1978643834590912
0.21389159560203552
0.18420425057411194
0.2121756672859192
0.1848660111427307
0.25067657232284546
0.24088360369205475
0.21635138988494873
0.30582574009895325
0.2706063389778137
0.2134736180305481
0.25755953788757324
0.15820001065731049
0.205649733543396
0.28647440671920776
0.19411812722682953
0.15236546099185944
0.18780413269996643
0.2104768007993698
0.22841422259807587
0.32601290941238403
0.40339937806129456
0.20138032734394073
0.18632514774799347
0.1999163180589676
0.35163795948028564
0.3508145213127136
0.45780107378959656
0.1889413297176361
0.25317344069480896
0.26662907004356384
0.17000651359558105
0.1914335936307907
0.1561570167541504
0.19341744482517242
0.11381072551012039
0.13916349411010742
0.23395857214927673
0.17174318432807922
0.22828905284404755
0.17017762362957
0.2874281406402588
0.22562994062900543
0.154744490981102
0.16754458844661713
0.24959366023540497
0.14989882707595825
0.1947818547487259
0.19800442457199097
0.19610297679901123
0.21420620381832123
0.2160390317440033
0.17005683481693268
0.2996687591075897
0.25034835934638977
0.14032894372940063
0.13170717656612396
0.15254387259483337
0.1291603296995163
0.21085591614246368
0.22142373025417328
0.22701376676559448
0.20275752246379852
0.1996566653251648
0.17574097216129303
0.24661363661289215
0.24938611686229706
0.24058549106121063
0.1997969001531601
0.22469399869441986
0.4934607446193695
0.26148828864097595
0.16023868322372437
0.1755838692188263
0.1552305519580841
0.1453859806060791
0.14723247289657593
0.2578921616077423
0.3650054633617401
0.2111218124628067
0.2094152718782425
0.36558449268341064
0.2474966049194336
0.15625402331352234
0.14345140755176544
0.13887660205364227
0.2937512695789337
0.3061578571796417
0.2564965784549713
0.3130573034286499
0.20779335498809814
0.25362250208854675
0.23214155435562134
0.18856088817119598
0.16509397327899933
0.21381565928459167
0.3353191912174225
0.35550636053085327
0.2475918084383011
0.23309171199798584
0.2203773409128189
0.2656007707118988
0.1453525573015213
0.2689776122570038
0.17842398583889008
0.2543463408946991
0.14684909582138062
0.12345106899738312
0.11765295267105103
0.13926008343696594
0.1520535796880722
0.35228732228279114
0.1981559544801712
0.18581600487232208
0.22221456468105316
0.34896320104599
0.30814218521118164
0.25003886222839355
0.21091197431087494
0.23537677526474
0.23904702067375183
0.147934228181839
0.13382527232170105
0.16310647130012512
0.22023802995681763
0.19186218082904816
0.17722035944461823
0.2092357575893402
0.43638062477111816
0.3471989929676056
0.2770213186740875
0.22019259631633759
0.37238189578056335
0.19590768218040466
0.31248506903648376
0.4841368794441223
0.2527103126049042
0.1451297551393509
0.20061570405960083
0.19069017469882965
0.17972251772880554
0.22229531407356262
0.22880756855010986
0.1657537817955017
0.17750364542007446
0.3277396559715271
0.20261608064174652
0.1254928857088089
0.19691795110702515
0.3248554468154907
0.1968490034341812
0.1604997217655182
0.25936031341552734
0.2045472264289856
0.29036325216293335
0.13768406212329865
0.13153228163719177
0.20935145020484924
0.295581191778183
0.30714377760887146
0.21706511080265045
0.20845378935337067
0.15881766378879547
0.19277451932430267
0.17773251235485077
0.14724580943584442
0.3181484341621399
0.22252561151981354
0.32625940442085266
0.23330068588256836
0.1702970564365387
0.3965652883052826
0.2897472679615021
0.19462913274765015
0.1578928828239441
0.16271357238292694
0.1654532104730606
0.26434698700904846
0.2928329110145569
0.29126983880996704
0.22546426951885223
0.26326027512550354
0.14718680083751678
0.21626362204551697
0.3302977383136749
0.2540650963783264
0.2679828703403473
0.17367853224277496
0.19045209884643555
0.1531793773174286
0.19855593144893646
0.4883043169975281
0.21210680902004242
0.3997077941894531
0.19070252776145935
0.3616269826889038
0.2422676682472229
0.18766632676124573
0.211215078830719
0.18830476701259613
0.23808862268924713
0.15875080227851868
0.20152883231639862
0.13724197447299957
0.18742185831069946
0.26282551884651184
0.22414536774158478
0.25844407081604004
0.15584896504878998
0.25214216113090515
0.16937048733234406
0.17289604246616364
0.143161803483963
0.12695357203483582
0.19126345217227936
0.16169041395187378
0.1609087884426117
0.1406836211681366
0.1952367126941681
0.13199383020401
0.3641411364078522
0.16267047822475433
0.20909279584884644
0.15776728093624115
0.3242895007133484
0.2901693284511566
0.20801736414432526
0.15598124265670776
0.24728529155254364
0.304056316614151
0.3379015624523163
0.3109000027179718
0.2889396548271179
0.18285870552062988
0.17437335848808289
0.15281124413013458
0.3219878077507019
0.15456581115722656
0.20213374495506287
0.26692959666252136
0.3086636960506439
0.31113335490226746
0.21820883452892303
0.25619974732398987
0.22126337885856628
0.21414251625537872
0.38220810890197754
0.2593925893306732
0.1148984283208847
0.14276450872421265
0.21119804680347443
0.17832675576210022
0.17778660356998444
0.27934008836746216
0.26189538836479187
0.13316112756729126
0.2500339150428772
0.21265435218811035
0.32275810837745667
0.2784784436225891
0.17871315777301788
0.31269875168800354
0.27772414684295654
0.4364013373851776
0.2805158197879791
0.2342967987060547
0.2235618233680725
0.3232848346233368
0.1848093718290329
0.17246262729167938
0.23939120769500732
0.20544247329235077
0.1370602250099182
0.32750755548477173
0.28870153427124023
0.23432107269763947
0.3093738555908203
0.3707776367664337
0.21784040331840515
0.1508476436138153
0.1821475774049759
0.2104373723268509
0.48176196217536926
0.21079058945178986
0.18499751389026642
0.20864784717559814
0.17075565457344055
0.16528655588626862
0.15474018454551697
0.30920493602752686
0.20688237249851227
0.18003790080547333
0.19546566903591156
0.21590793132781982
0.2435300052165985
0.13361354172229767
0.3067800998687744
0.24184423685073853
0.18640533089637756
0.17133931815624237
0.1546628475189209
0.42747777700424194
0.30619680881500244
0.22216232120990753
0.15652774274349213
0.27789103984832764
0.23887234926223755
0.14747114479541779
0.15345220267772675
0.19830136001110077
0.2174925059080124
0.2342819720506668
0.2028859704732895
0.13663320243358612
0.16578993201255798
0.2301301658153534
0.12947441637516022
0.21840360760688782
0.405950665473938
0.2813267707824707
0.16779282689094543
0.18493805825710297
0.20489731431007385
0.18027721345424652
0.2326916605234146
0.2446136176586151
0.2960628867149353
0.17176955938339233
0.19828692078590393
0.22667260468006134
0.2835678458213806
0.14661988615989685
0.18002238869667053
0.1744280606508255
0.34119459986686707
0.18882746994495392
0.2238481193780899
0.23232904076576233
0.21805885434150696
0.11940566450357437
0.27105316519737244
0.13642340898513794
0.1256546676158905
0.3011913299560547
0.13643421232700348
0.23089495301246643
0.33864402770996094
0.2783435881137848
0.16410446166992188
0.16253754496574402
0.22732920944690704
0.26036250591278076
0.24848662316799164
0.23470568656921387
0.1705983579158783
0.18605022132396698
0.17029210925102234
0.1468808501958847
0.14394550025463104
0.1567356288433075
0.27811816334724426
0.3215401768684387
0.20855401456356049
0.16703251004219055
0.11120171844959259
0.2694835662841797
0.21084041893482208
0.25163978338241577
0.14641191065311432
0.14826391637325287
0.16795745491981506
0.21495606005191803
0.2007278949022293
0.2858825623989105
0.19397805631160736
0.2813592553138733
0.2254534512758255
0.17525796592235565
0.2634052336215973
0.31905925273895264
0.28943902254104614
0.26827147603034973
0.2017199993133545
0.19665154814720154
0.2187509387731552
0.1513136923313141
0.12716440856456757
0.16095565259456635
0.12660382688045502
0.22172972559928894
0.36975741386413574
0.29155582189559937
0.16886673867702484
0.22306859493255615
0.15878036618232727
0.16087348759174347
0.21658310294151306
0.18337257206439972
0.2220478057861328
0.35487428307533264
0.17977117002010345
0.18075405061244965
0.21005670726299286
0.13793756067752838
0.26123616099357605
0.20452889800071716
0.25495660305023193
0.15498435497283936
0.18526160717010498
0.16137100756168365
0.1570461243391037
0.16619513928890228
0.1665492057800293
0.18798398971557617
0.20578041672706604
0.15626053512096405
0.21936222910881042
0.14985698461532593
0.12455762922763824
0.28635093569755554
0.3048822581768036
0.36527955532073975
0.2547185719013214
0.3153707683086395
0.1770855039358139
0.26612645387649536
0.13149157166481018
0.18571272492408752
0.27640482783317566
0.25186946988105774
0.3257147967815399
0.1855110377073288
0.1959393471479416
0.20550678670406342
0.1318621188402176
0.27038469910621643
0.2609291672706604
0.1793545037508011
0.16922211647033691
0.16843803226947784
0.14091899991035461
0.22004447877407074
0.1576184183359146
0.14215175807476044
0.2367851734161377
0.39089876413345337
0.18466870486736298
0.28251615166664124
0.1968328207731247
0.23810631036758423
0.21057002246379852
0.34053850173950195
0.18833042681217194
0.1847260594367981
0.14474375545978546
0.2700357139110565
0.22123980522155762
0.18139556050300598
0.3064318001270294
0.3248017430305481
0.153516948223114
0.1596216857433319
0.18862812221050262
0.15660563111305237
0.258254736661911
0.3695405423641205
0.1939803659915924
0.2714942395687103
0.14808975160121918
0.1370021104812622
0.2013072818517685
0.30416351556777954
0.14331860840320587
0.16283708810806274
0.13148654997348785
0.142598494887352
0.10865563899278641
0.18137137591838837
0.13889780640602112
0.26910892128944397
0.1902482658624649
0.19168297946453094
0.1754782497882843
0.2098754197359085
0.11721164733171463
0.30493173003196716
0.1973208487033844
0.10372155159711838
0.20223206281661987
0.11594778299331665
0.31101617217063904
0.25207316875457764
0.1724850982427597
0.14795030653476715
0.1518661081790924
0.09496801346540451
0.14593277871608734
0.1860913634300232
0.13495464622974396
0.1573582887649536
0.12348819524049759
0.2251216024160385
0.2050958126783371
0.18550162017345428
0.19022932648658752
0.37954452633857727
0.21319440007209778
0.22985833883285522
0.14858876168727875
0.2339213490486145
0.17444396018981934
0.11517529934644699
0.28221017122268677
0.5121852159500122
0.24768570065498352
0.2531281113624573
0.21668754518032074
0.20950932800769806
0.13502579927444458
0.1691361963748932
0.2413240373134613
0.24451592564582825
0.15398694574832916
0.17279046773910522
0.3941015899181366
0.27482616901397705
0.1627357304096222
0.19488520920276642
0.1635032445192337
0.17089171707630157
0.26434606313705444
0.19497796893119812
0.11622870713472366
0.15377748012542725
0.13821139931678772
0.36142781376838684
0.19030335545539856
0.18863742053508759
0.13582755625247955
0.1723695546388626
0.13907857239246368
0.158172607421875
0.19301939010620117
0.16974158585071564
0.20849862694740295
0.151878222823143
0.3892269730567932
0.16618207097053528
0.14309149980545044
0.2467343658208847
0.17383772134780884
0.20693854987621307
0.18936510384082794
0.15411952137947083
0.19426745176315308
0.18455012142658234
0.3138613700866699
0.4873265027999878
0.208894744515419
0.1889222264289856
0.19167529046535492
0.18131552636623383
0.20463119447231293
0.15922535955905914
0.1444820612668991
0.3726172149181366
0.17687231302261353
0.15961240231990814
0.29856380820274353
0.17763055860996246
0.24723026156425476
0.15473972260951996
0.298635333776474
0.2679308354854584
0.13537900149822235
0.16633038222789764
0.17160187661647797
0.2575605809688568
0.17117038369178772
0.13976408541202545
0.2146480232477188
0.26566722989082336
0.1904485523700714
0.40131744742393494
0.2156708538532257
0.11631402373313904
0.17357800900936127
0.1995714157819748
0.21531327068805695
0.27847352623939514
0.1915835589170456
0.15973599255084991
0.12951277196407318
0.16462482511997223
0.13014250993728638
0.18635325133800507
0.21309293806552887
0.13303157687187195
0.22234375774860382
0.24900779128074646
0.2008458822965622
0.34130343794822693
0.1538434624671936
0.1530459225177765
0.17353273928165436
0.1659550815820694
0.14891862869262695
0.21896284818649292
0.14816616475582123
0.16266581416130066
0.22106339037418365
0.15047653019428253
0.27204665541648865
0.18131685256958008
0.23780718445777893
0.18794263899326324
0.1581035554409027
0.14916656911373138
0.13658906519412994
0.08325779438018799
0.10231495648622513
0.14365041255950928
0.24186557531356812
0.3631894886493683
0.2427213340997696
0.14732441306114197
0.18247653543949127
0.16096903383731842
0.11345585435628891
0.17346462607383728
0.3322066366672516
0.30178138613700867
0.20424631237983704
0.35883596539497375
0.1322183758020401
0.13118889927864075
0.21932953596115112
0.14081598818302155
0.34333470463752747
0.25734636187553406
0.21887144446372986
0.16930213570594788
0.21933050453662872
0.18706104159355164
0.15704579651355743
0.19413016736507416
0.15238863229751587
0.22170771658420563
0.19705434143543243
0.1833535134792328
0.2645905017852783
0.1778864562511444
0.17933213710784912
0.2798363268375397
0.16071760654449463
0.2651980221271515
0.3582112789154053
0.1791609674692154
0.23660160601139069
0.18423105776309967
0.2131335586309433
0.24472194910049438
0.15155979990959167
0.18938201665878296
0.20817053318023682
0.16527526080608368
0.14537593722343445
0.14990198612213135
0.1600005328655243
0.13926106691360474
0.29024824500083923
0.2058860957622528
0.2522730827331543
0.13083627820014954
0.10179053992033005
0.1377626210451126
0.29712074995040894
0.2789302170276642
0.13632547855377197
0.19302815198898315
0.16928242146968842
0.3536379337310791
0.17135831713676453
0.35258400440216064
0.2114911675453186
0.1713266521692276
0.16131311655044556
0.1454186886548996
0.14690417051315308
0.15375936031341553
0.17399077117443085
0.20208407938480377
0.22623753547668457
0.15154510736465454
0.20475023984909058
0.11972109228372574
0.13151583075523376
0.1541358381509781
0.35021620988845825
0.1754288375377655
0.24588024616241455
0.16550621390342712
0.18845228850841522
0.19926047325134277
0.14298655092716217
0.2527569532394409
0.2120177149772644
0.2847438454627991
0.2377896010875702
0.22191229462623596
0.18757688999176025
0.5555047988891602
0.28120866417884827
0.19839414954185486
0.13469691574573517
0.13157325983047485
0.22940003871917725
0.19159239530563354
0.2325793206691742
0.3223232328891754
0.2534559667110443
0.14788296818733215
0.14596782624721527
0.1298520565032959
0.130821093916893
0.13870590925216675
0.13381147384643555
0.13018260896205902
0.18396495282649994
0.19095304608345032
0.15729258954524994
0.21460886299610138
0.1728748381137848
0.15100303292274475
0.20066793262958527
0.16346362233161926
0.26399385929107666
0.3079513907432556
0.15031825006008148
0.18393650650978088
0.3578028678894043
0.1945246011018753
0.14173859357833862
0.3411156237125397
0.17815154790878296
0.20352429151535034
0.1854514479637146
0.18866951763629913
0.15121252834796906
0.18996764719486237
0.21735739707946777
0.2139817327260971
0.17416127026081085
0.14637982845306396
0.13973838090896606
0.12831978499889374
0.13343387842178345
0.2191157191991806
0.26877260208129883
0.2083328366279602
0.12921838462352753
0.12910841405391693
0.31784379482269287
0.18467797338962555
0.20099544525146484
0.3033801317214966
0.2504052519798279
0.2741440236568451
0.14722919464111328
0.1595129668712616
0.19511112570762634
0.20591877400875092
0.11512511223554611
0.17234091460704803
0.20618464052677155
0.1515173614025116
0.34177926182746887
0.12186189740896225
0.1366821527481079
0.13438615202903748
0.16812536120414734
0.23132750391960144
0.1257062405347824
0.1436648815870285
0.1970616728067398
0.1630469262599945
0.13306230306625366
0.1568627655506134
0.18440797924995422
0.20142331719398499
0.18824094533920288
0.2585097551345825
0.10364104062318802
0.1295803338289261
0.25157567858695984
0.2933242917060852
0.3330877423286438
0.27893438935279846
0.14118655025959015
0.19936281442642212
0.2554161846637726
0.1324707716703415
0.1382960081100464
0.1479552686214447
0.13033944368362427
0.1312984973192215
0.1443415731191635
0.18674185872077942
0.135639488697052
0.2083357274532318
0.2530961334705353
0.1640496850013733
0.33828726410865784
0.2723492383956909
0.19788874685764313
0.22340482473373413
0.2321520298719406
0.2288583219051361
0.2467268705368042
0.22271941602230072
0.22292743623256683
0.21074962615966797
0.36190539598464966
0.3374171853065491
0.15437589585781097
0.14240503311157227
0.16184356808662415
0.1827283501625061
0.22359973192214966
0.1402972936630249
0.2315625250339508
0.1668989062309265
0.26914170384407043
0.57659512758255
0.26226547360420227
0.2210102677345276
0.15142077207565308
0.2532607913017273
0.3458540439605713
0.19521720707416534
0.21099945902824402
0.26336991786956787
0.13802361488342285
0.14240191876888275
0.1885605901479721
0.11802002787590027
0.20233310759067535
0.2324351668357849
0.1456424593925476
0.10836583375930786
0.12068713456392288
0.15947335958480835
0.1916080266237259
0.1462632715702057
0.21725811064243317
0.17735810577869415
0.16970674693584442
0.17758934199810028
0.10986340045928955
0.1764262467622757
0.1749735027551651
0.18584024906158447
0.18111415207386017
0.14005480706691742
0.12488999217748642
0.21520863473415375
0.22449630498886108
0.16056188941001892
0.15836098790168762
0.200546994805336
0.3238579332828522
0.12984633445739746
0.13528679311275482
0.2823144793510437
0.17544884979724884
0.27248212695121765
0.33853334188461304
0.2844882011413574
0.1713084876537323
0.19571734964847565
0.17962130904197693
0.15386614203453064
0.1454257071018219
0.18892255425453186
0.10604837536811829
0.1626351773738861
0.21660976111888885
0.11744605004787445
0.15103691816329956
0.13654957711696625
0.13964620232582092
0.10884503275156021
0.1525818407535553
0.2452021688222885
0.1489945948123932
0.2062041163444519
0.2535838484764099
0.17446544766426086
0.1709158569574356
0.12729986011981964
0.20373468101024628
0.19488734006881714
0.23171867430210114
0.17882674932479858
0.19637171924114227
0.1410411298274994
0.4042670726776123
0.2034575641155243
0.10614071786403656
0.150969997048378
0.2627386748790741
0.17164921760559082
0.2249877005815506
0.1389445960521698
0.23891091346740723
0.17041648924350739
0.2320648580789566
0.17972448468208313
0.13559699058532715
0.1273970603942871
0.13637743890285492
0.34376510977745056
0.24699953198432922
0.25186654925346375
0.2420540601015091
0.16088412702083588
0.23552973568439484
0.19191958010196686
0.1704474836587906
0.16302764415740967
0.1976151019334793
0.10807021707296371
0.1557849794626236
0.29633182287216187
0.17235791683197021
0.1295901983976364
0.19149938225746155
0.1782924383878708
0.0978170782327652
0.18286076188087463
0.31183287501335144
0.23122292757034302
0.26582446694374084
0.21278178691864014
0.1670406311750412
0.2045670747756958
0.12505613267421722
0.16231107711791992
0.23062069714069366
0.3057223856449127
0.24001336097717285
0.361135870218277
0.16738833487033844
0.19946013391017914
0.11704087257385254
0.2246951013803482
0.12413368374109268
0.17818999290466309
0.2216799408197403
0.21008886396884918
0.1829577535390854
0.2654465436935425
0.10130394250154495
0.31746596097946167
0.17136114835739136
0.12012100964784622
0.24252451956272125
0.18551377952098846
0.15691497921943665
0.1694786101579666
0.19671636819839478
0.19584907591342926
0.11310010403394699
0.24436652660369873
0.10436005890369415
0.25520268082618713
0.19257880747318268
0.13172809779644012
0.1799350529909134
0.14666487276554108
0.10113012790679932
0.2112528532743454
0.10758470743894577
0.10710705816745758
0.22078771889209747
0.311279296875
0.2555713355541229
0.1701851189136505
0.19233338534832
0.23866011202335358
0.1832534670829773
0.10703722387552261
0.11625590175390244
0.14590692520141602
0.1058957576751709
0.23305626213550568
0.11025690287351608
0.3148835003376007
0.3351072072982788
0.2539013922214508
0.13968846201896667
0.3863166272640228
0.34644272923469543
0.2860124707221985
0.14097467064857483
0.1913522481918335
0.38738182187080383
0.15040498971939087
0.14544689655303955
0.1290941685438156
0.16647478938102722
0.1917976588010788
0.15610887110233307
0.21619641780853271
0.2720339000225067
0.15628370642662048
0.17758062481880188
0.21340753138065338
0.18748444318771362
0.16168780624866486
0.19766865670681
0.12441705167293549
0.13474340736865997
0.12249245494604111
0.2711494266986847
0.17216756939888
0.09830240160226822
0.30967068672180176
0.1860312670469284
0.17871515452861786
0.15277338027954102
0.18487586081027985
0.2293258160352707
0.12635919451713562
0.16694113612174988
0.18821892142295837
0.17101620137691498
0.24450278282165527
0.1873788833618164
0.23961520195007324
0.14544112980365753
0.18736347556114197
0.13811765611171722
0.1397251933813095
0.1437845528125763
0.11649580299854279
0.10560961067676544
0.2787523865699768
0.205748051404953
0.21805578470230103
0.19851353764533997
0.14043638110160828
0.21801435947418213
0.11872866004705429
0.148903951048851
0.1860487312078476
0.12761107087135315
0.202897846698761
0.23396722972393036
0.2048010379076004
0.17746677994728088
0.170721635222435
0.22182054817676544
0.1320313662290573
0.3979431986808777
0.1852826625108719
0.16430704295635223
0.2523390054702759
0.12101762741804123
0.31068405508995056
0.10595227032899857
0.2132120281457901
0.20634160935878754
0.11769142746925354
0.41072627902030945
0.23594185709953308
0.16457879543304443
0.14455537497997284
0.14016613364219666
0.24554674327373505
0.17734196782112122
0.12738026678562164
0.1354363113641739
0.13525283336639404
0.2145097255706787
0.22358496487140656
0.1777314692735672
0.14855509996414185
0.25296175479888916
0.12909665703773499
0.28202763199806213
0.1427808403968811
0.16262324154376984
0.13229919970035553
0.09598032385110855
0.1392960101366043
0.1601794809103012
0.20731069147586823
0.1670766919851303
0.16536283493041992
0.16061221063137054
0.20048308372497559
0.27107569575309753
0.14906907081604004
0.1080344021320343
0.21560326218605042
0.13590779900550842
0.26494795083999634
0.19337274134159088
0.23117154836654663
0.22432854771614075
0.19378159940242767
0.2623078227043152
0.19106072187423706
0.13444305956363678
0.25016382336616516
0.14384138584136963
0.12339454144239426
0.18328706920146942
0.1642157882452011
0.15484482049942017
0.2238365113735199
0.18569299578666687
0.17197832465171814
0.1555318832397461
0.2367098480463028
0.2701789140701294
0.2121712863445282
0.19680719077587128
0.14270833134651184
0.18218311667442322
0.1932527720928192
0.35014432668685913
0.23700235784053802
0.2094884067773819
0.20364917814731598
0.2010817527770996
0.19254906475543976
0.18464712798595428
0.20241613686084747
0.1300886571407318
0.22781893610954285
0.1481809914112091
0.1748560070991516
0.1145753413438797
0.19822391867637634
0.13906005024909973
0.14686715602874756
0.150168314576149
0.15887047350406647
0.1701042801141739
0.12245195358991623
0.21349292993545532
0.21668921411037445
0.17623315751552582
0.15376867353916168
0.23460662364959717
0.18181712925434113
0.18420886993408203
0.2183002531528473
0.1247861236333847
0.16469089686870575
0.11913423240184784
0.2349412739276886
0.1170220747590065
0.3033701777458191
0.13786965608596802
0.15289436280727386
0.24393245577812195
0.13987690210342407
0.2157689332962036
0.10237286984920502
0.15303683280944824
0.13642339408397675
0.14683294296264648
0.11765558272600174
0.24291983246803284
0.1404533088207245
0.3165671229362488
0.1904444545507431
0.16131170094013214
0.1492708921432495
0.22268004715442657
0.11972668766975403
0.26324036717414856
0.2562716603279114
0.2231641262769699
0.23955723643302917
0.14000031352043152
0.1421346366405487
0.16996939480304718
0.18202419579029083
0.24691937863826752
0.27409130334854126
0.19252800941467285
0.19793808460235596
0.12436004728078842
0.19196365773677826
0.2811877727508545
0.23194490373134613
0.10055851191282272
0.16277611255645752
0.29644548892974854
0.35347381234169006
0.168014794588089
0.20525036752223969
0.36895298957824707
0.3444785475730896
0.22958679497241974
0.13696151971817017
0.161846324801445
0.14936138689517975
0.17967510223388672
0.4166783094406128
0.16670352220535278
0.24137061834335327
0.12288069725036621
0.306269109249115
0.22729213535785675
0.20996659994125366
0.17654627561569214
0.12117702513933182
0.24399800598621368
0.14084038138389587
0.12038789689540863
0.28747475147247314
0.20238174498081207
0.12431717664003372
0.253271222114563
0.19513677060604095
0.14045722782611847
0.13872341811656952
0.2811070680618286
0.16098017990589142
0.1411106139421463
0.1956198662519455
0.10946927219629288
0.38130199909210205
0.1884884387254715
0.14250262081623077
0.21624885499477386
0.31261393427848816
0.21031327545642853
0.19734850525856018
0.19292780756950378
0.18353025615215302
0.12246698886156082
0.12684331834316254
0.17429932951927185
0.15103667974472046
0.294639527797699
0.11415715515613556
0.13441060483455658
0.23573337495326996
0.11148448288440704
0.3547312021255493
0.13619080185890198
0.13811536133289337
0.22541925311088562
0.16942210495471954
0.15778475999832153
0.22585585713386536
0.15541712939739227
0.2605384588241577
0.30082619190216064
0.19324062764644623
0.1634315848350525
0.20904874801635742
0.1368637979030609
0.2252248078584671
0.18540512025356293
0.15852577984333038
0.1935088187456131
0.20463867485523224
0.19525954127311707
0.16298022866249084
0.2516099810600281
0.18232356011867523
0.1854431927204132
0.16504231095314026
0.22946439683437347
0.2797185182571411
0.28125232458114624
0.15263131260871887
0.2855869233608246
0.11566983163356781
0.18513965606689453
0.12309001386165619
0.211248517036438
0.14665454626083374
0.20475423336029053
0.18233180046081543
0.21881966292858124
0.15319064259529114
0.22067628800868988
0.1408681720495224
0.1258663535118103
0.34485551714897156
0.20611876249313354
0.4665758013725281
0.20798684656620026
0.1613420993089676
0.1255810707807541
0.2508681118488312
0.30414530634880066
0.1482202410697937
0.17552141845226288
0.3006023168563843
0.11597544699907303
0.1195523589849472
0.2876497209072113
0.10354945063591003
0.21290691196918488
0.14083898067474365
0.11396835744380951
0.13951319456100464
0.16327092051506042
0.226515993475914
0.1270344853401184
0.27420586347579956
0.3885129988193512
0.17892523109912872
0.2865106761455536
0.12375324219465256
0.27838918566703796
0.1589699238538742
0.1352880448102951
0.2146894484758377
0.23351436853408813
0.16710546612739563
0.17241603136062622
0.11623025685548782
0.16665621101856232
0.40807071328163147
0.14720048010349274
0.1339109241962433
0.13916386663913727
0.2253425270318985
0.12358081340789795
0.11897959560155869
0.2331925630569458
0.12055663019418716
0.15943968296051025
0.18719753623008728
0.24890831112861633
0.40314042568206787
0.1699816882610321
0.18661263585090637
0.13029392063617706
0.16055990755558014
0.12131263315677643
0.24608589708805084
0.12172026932239532
0.14476484060287476
0.22652162611484528
0.13705623149871826
0.2292596846818924
0.39322030544281006
0.3262702226638794
0.25333207845687866
0.16980856657028198
0.15268343687057495
0.19149082899093628
0.15292222797870636
0.2762893736362457
0.17369842529296875
0.11527127772569656
0.15297268331050873
0.29380184412002563
0.2227301001548767
0.3692808449268341
0.23810261487960815
0.10909487307071686
0.12052875012159348
0.16735447943210602
0.22194811701774597
0.26714015007019043
0.23454420268535614
0.14262905716896057
0.15090720355510712
0.1715737283229828
0.17420144379138947
0.13543733954429626
0.13590435683727264
0.3687173128128052
0.12510016560554504
0.215687558054924
0.19154421985149384
0.21467190980911255
0.2121824026107788
0.3498617112636566
0.16689330339431763
0.19728542864322662
0.31335026025772095
0.201192706823349
0.15937447547912598
0.19703823328018188
0.1930813044309616
0.14249446988105774
0.11507359892129898
0.1231854185461998
0.13179336488246918
0.2343868762254715
0.11603761464357376
0.23493941128253937
0.1714686155319214
0.17784026265144348
0.15693214535713196
0.18240931630134583
0.17837591469287872
0.17886042594909668
0.18120624125003815
0.2947637438774109
0.2222588211297989
0.12396709620952606
0.1586470752954483
0.24601486325263977
0.31739768385887146
0.36503562331199646
0.13520102202892303
0.11894681304693222
0.27569156885147095
0.15541329979896545
0.2475447654724121
0.20499029755592346
0.1316322237253189
0.21640446782112122
0.2546881437301636
0.12299715727567673
0.27315694093704224
0.1163732185959816
0.1661548763513565
0.14083731174468994
0.2985458970069885
0.17054027318954468
0.21280668675899506
0.20905980467796326
0.26091861724853516
0.1417573243379593
0.1388797014951706
0.1955757439136505
0.275494784116745
0.1584041863679886
0.1188102513551712
0.15797901153564453
0.14015741646289825
0.20750200748443604
0.2448112517595291
0.24892616271972656
0.11379895359277725
0.15652376413345337
0.15746188163757324
0.21299616992473602
0.25044283270835876
0.1485205590724945
0.1366790235042572
0.27432072162628174
0.1689807027578354
0.24212656915187836
0.21441267430782318
0.1254052072763443
0.3145919144153595
0.4170653223991394
0.1342109590768814
0.13734963536262512
0.18143539130687714
0.38374820351600647
0.1420169323682785
0.180413618683815
0.14717325568199158
0.148553729057312
0.1463109254837036
0.15917406976222992
0.20954987406730652
0.14007945358753204
0.21122996509075165
0.18015806376934052
0.41240379214286804
0.21366368234157562
0.1740824580192566
0.3135235607624054
0.14006642997264862
0.34604939818382263
0.18998371064662933
0.19203326106071472
0.12943801283836365
0.11545062065124512
0.12131308019161224
0.10022837668657303
0.2019587904214859
0.15196211636066437
0.19989661872386932
0.13654272258281708
0.14786140620708466
0.09921795129776001
0.14659346640110016
0.18893368542194366
0.28813475370407104
0.15521515905857086
0.3627530634403229
0.3267612159252167
0.2963094711303711
0.21226093173027039
0.2213062345981598
0.22127440571784973
0.15802611410617828
0.141900897026062
0.2272372543811798
0.22071805596351624
0.2596728503704071
0.17533597350120544
0.28808608651161194
0.1698905974626541
0.16227394342422485
0.1736363023519516
0.30138304829597473
0.21044684946537018
0.13096506893634796
0.20400094985961914
0.3107844591140747
0.1875705122947693
0.18254095315933228
0.1606254130601883
0.13911591470241547
0.19175584614276886
0.15419700741767883
0.3223271667957306
0.15774288773536682
0.21089930832386017
0.25759413838386536
0.12950849533081055
0.1937950849533081
0.17179450392723083
0.1908307522535324
0.24893446266651154
0.22252152860164642
0.18187879025936127
0.2637348771095276
0.2689894139766693
0.19152601063251495
0.15045414865016937
0.16664540767669678
0.33671969175338745
0.2333248406648636
0.25884702801704407
0.30790334939956665
0.1239112913608551
0.13085703551769257
0.21514971554279327
0.20670649409294128
0.17070810496807098
0.21108074486255646
0.243932843208313
0.25896233320236206
0.12916114926338196
0.14420247077941895
0.2094849795103073
0.20807480812072754
0.23046155273914337
0.12973487377166748
0.14808396995067596
0.13085968792438507
0.13603287935256958
0.1761806458234787
0.11529026180505753
0.1491401642560959
0.20115554332733154
0.34414321184158325
0.18819516897201538
0.2140323966741562
0.22849221527576447
0.2426588237285614
0.17658378183841705
0.13225294649600983
0.21792523562908173
0.2230066955089569
0.1641542613506317
0.32468339800834656
0.21070295572280884
0.1094626858830452
0.24522314965724945
0.21379821002483368
0.2402689903974533
0.24950729310512543
0.25148898363113403
0.19181880354881287
0.15311004221439362
0.21089060604572296
0.11645057797431946
0.19716718792915344
0.24763131141662598
0.14404621720314026
0.2176406979560852
0.1599760502576828
0.19888591766357422
0.18719446659088135
0.14957186579704285
0.13893283903598785
0.2662060856819153
0.15173538029193878
0.24518023431301117
0.14659136533737183
0.18902266025543213
0.1581459790468216
0.1357431709766388
0.11234161257743835
0.28872913122177124
0.2607523202896118
0.20581991970539093
0.17818304896354675
0.12712077796459198
0.23516932129859924
0.1420128494501114
0.2977287173271179
0.20275656878948212
0.19527184963226318
0.23911161720752716
0.2934405207633972
0.22914952039718628
0.1824370175600052
0.17411130666732788
0.13259033858776093
0.28334879875183105
0.18603010475635529
0.13175761699676514
0.22094935178756714
0.13167226314544678
0.2888272702693939
0.3294857144355774
0.160544753074646
0.16736164689064026
0.15183818340301514
0.1628192812204361
0.23225297033786774
0.11575181782245636
0.13913393020629883
0.16432428359985352
0.12904083728790283
0.14282740652561188
0.10710809379816055
0.12108226120471954
0.24190782010555267
0.15506643056869507
0.16927896440029144
0.14244870841503143
0.1028582975268364
0.12713022530078888
0.2714582085609436
0.20621250569820404
0.14285095036029816
0.22828687727451324
0.2209598273038864
0.15356095135211945
0.3118254840373993
0.1509685069322586
0.3074135482311249
0.16640152037143707
0.15662837028503418
0.21918682754039764
0.1626994013786316
0.13084140419960022
0.13093262910842896
0.1478457748889923
0.19340582191944122
0.16118763387203217
0.27878034114837646
0.1358306109905243
0.1663256585597992
0.1399770826101303
0.17334139347076416
0.12903378903865814
0.13264058530330658
0.16844548285007477
0.29848599433898926
0.32563620805740356
0.18369333446025848
0.10115746408700943
0.13273799419403076
0.21469970047473907
0.11980127543210983
0.13805313408374786
0.29967042803764343
0.22629007697105408
0.284836083650589
0.10797436535358429
0.17911647260189056
0.37097615003585815
0.18085408210754395
0.1551758497953415
0.21606659889221191
0.19452640414237976
0.18207316100597382
0.17333129048347473
0.16392816603183746
0.31648170948028564
0.23082277178764343
0.12183450162410736
0.1304568201303482
0.2510797381401062
0.36378857493400574
0.16617928445339203
0.15516851842403412
0.11887382715940475
0.1993890106678009
0.11293531954288483
0.13618220388889313
0.2444087713956833
0.2212151437997818
0.25270333886146545
0.16139324009418488
0.2809640169143677
0.1349533349275589
0.3085758090019226
0.2449556440114975
0.21973471343517303
0.14388956129550934
0.1358276605606079
0.2137041538953781
0.17139923572540283
0.14629684388637543
0.2971881628036499
0.13347628712654114
0.1596687287092209
0.16714704036712646
0.13414466381072998
0.10734248906373978
0.15302753448486328
0.16095773875713348
0.4183206260204315
0.3019343316555023
0.26342856884002686
0.1860995888710022
0.19261176884174347
0.13070550560951233
0.18114881217479706
0.32054904103279114
0.22375114262104034
0.12460197508335114
0.29250240325927734
0.19742169976234436
0.1659058779478073
0.19931407272815704
0.18092644214630127
0.25357431173324585
0.1650131344795227
0.13000959157943726
0.19294823706150055
0.20320440828800201
0.1394003927707672
0.12373226881027222
0.09711563587188721
0.10893208533525467
0.1307200938463211
0.330623984336853
0.15562885999679565
0.19132953882217407
0.22805215418338776
0.1855943202972412
0.23362503945827484
0.20679053664207458
0.19092868268489838
0.1190914660692215
0.11699516326189041
0.15726569294929504
0.18574538826942444
0.21808184683322906
0.14806561172008514
0.12084165960550308
0.20631423592567444
0.20810025930404663
0.12399217486381531
0.17882074415683746
0.18424154818058014
0.19411218166351318
0.1457475870847702
0.14337502419948578
0.24920831620693207
0.25536951422691345
0.24333535134792328
0.2171267569065094
0.18940065801143646
0.1451350748538971
0.19690269231796265
0.13540467619895935
0.1499810814857483
0.13755916059017181
0.2351219654083252
0.17825525999069214
0.2250380963087082
0.12856318056583405
0.16728352010250092
0.25937214493751526
0.13799947500228882
0.18298232555389404
0.21554034948349
0.21642880141735077
0.17776226997375488
0.11845441162586212
0.11285550892353058
0.1372087597846985
0.23673874139785767
0.30123281478881836
0.14961086213588715
0.1039791852235794
0.2402263730764389
0.22663168609142303
0.3410208821296692
0.3175257444381714
0.18927165865898132
0.254911869764328
0.1518852710723877
0.17141295969486237
0.2303667664527893
0.17193292081356049
0.28003665804862976
0.2156933844089508
0.29788702726364136
0.14473755657672882
0.2712979316711426
0.2029171735048294
0.18653184175491333
0.11554161459207535
0.16533611714839935
0.23738723993301392
0.15248489379882812
0.14013534784317017
0.3525890111923218
0.14420339465141296
0.18205241858959198
0.15070469677448273
0.11924312263727188
0.3629467487335205
0.1905488222837448
0.43382343649864197
0.16959255933761597
0.1716473251581192
0.18652382493019104
0.2552379071712494
0.23957550525665283
0.1500273495912552
0.17842717468738556
0.15068300068378448
0.10228089243173599
0.19008086621761322
0.2199127972126007
0.25399088859558105
0.22726322710514069
0.20213904976844788
0.2553708553314209
0.2748417258262634
0.1350775510072708
0.24503636360168457
0.19713978469371796
0.161024808883667
0.14129623770713806
0.26342180371284485
0.24013131856918335
0.24639424681663513
0.20322996377944946
0.09993884712457657
0.20737411081790924
0.17919327318668365
0.18216802179813385
0.16781584918498993
0.12328025698661804
0.1390916258096695
0.23152779042720795
0.17856134474277496
0.1679535210132599
0.19088803231716156
0.1343044936656952
0.3067869246006012
0.14651034772396088
0.11391521245241165
0.2199840098619461
0.13142916560173035
0.11534443497657776
0.19333063066005707
0.1867675632238388
0.17847079038619995
0.12509126961231232
0.43097764253616333
0.23953911662101746
0.17866216599941254
0.16143405437469482
0.16817493736743927
0.21147528290748596
0.1532536894083023
0.1641847938299179
0.1960996687412262
0.13955597579479218
0.12643741071224213
0.13067708909511566
0.23816709220409393
0.24851301312446594
0.16648662090301514
0.18245893716812134
0.1941433846950531
0.1258212924003601
0.2171483337879181
0.2521688640117645
0.18799376487731934
0.1638025939464569
0.3968106806278229
0.17567695677280426
0.1959979087114334
0.1252662092447281
0.19001466035842896
0.21761508285999298
0.18688851594924927
0.17999164760112762
0.12450050562620163
0.11374302953481674
0.09605685621500015
0.1034160703420639
0.23868919909000397
0.14836485683918
0.08950050175189972
0.2012571096420288
0.1516209840774536
0.17292988300323486
0.20298577845096588
0.1359144002199173
0.2032782882452011
0.13103611767292023
0.0799526497721672
0.35761547088623047
0.10216592252254486
0.1636732518672943
0.1777818351984024
0.17389753460884094
0.1828036904335022
0.3827134370803833
0.1753653585910797
0.22434955835342407
0.13273219764232635
0.24872983992099762
0.34566730260849
0.27298855781555176
0.134750634431839
0.20663361251354218
0.11832888424396515
0.22330714762210846
0.21954277157783508
0.32413092255592346
0.20625217258930206
0.16371244192123413
0.26024559140205383
0.1288313865661621
0.12511970102787018
0.17480334639549255
0.2092272937297821
0.21936292946338654
0.10512688755989075
0.1855553239583969
0.14683358371257782
0.11992956697940826
0.15885815024375916
0.23699556291103363
0.14807873964309692
0.1405039131641388
0.22834280133247375
0.1552576869726181
0.10632200539112091
0.14301879703998566
0.18134106695652008
0.15701597929000854
0.23299679160118103
0.25386542081832886
0.14652138948440552
0.1726340651512146
0.1144692450761795
0.1782771646976471
0.24973422288894653
0.24681490659713745
0.24965067207813263
0.11441829055547714
0.15318192541599274
0.2126506119966507
0.19763906300067902
0.24551592767238617
0.11890257149934769
0.20107752084732056
0.26023849844932556
0.2423480749130249
0.22104567289352417
0.118538998067379
0.11839690059423447
0.2686447501182556
0.14593711495399475
0.14308865368366241
0.28541985154151917
0.3485460877418518
0.19521375000476837
0.1439070999622345
0.10907784104347229
0.22819560766220093
0.14501115679740906
0.21587269008159637
0.19927501678466797
0.1502232551574707
0.17890329658985138
0.20574086904525757
0.3034416139125824
0.15264205634593964
0.20773530006408691
0.14993028342723846
0.15506315231323242
0.1946031153202057
0.10431377589702606
0.13604770600795746
0.2827383875846863
0.11819847673177719
0.1748495250940323
0.2708545923233032
0.141196608543396
0.34162068367004395
0.15252208709716797
0.16627167165279388
0.21040767431259155
0.2555018663406372
0.15290167927742004
0.12412499636411667
0.23396043479442596
0.2210063338279724
0.22746829688549042
0.13012200593948364
0.20341715216636658
0.14406761527061462
0.17118553817272186
0.12627358734607697
0.15863136947155
0.295855849981308
0.24171549081802368
0.1809547245502472
0.1332182139158249
0.1988627016544342
0.25552791357040405
0.12258707731962204
0.17204205691814423
0.12127953767776489
0.25446566939353943
0.1596866101026535
0.1479402780532837
0.26285064220428467
0.2838256061077118
0.18109294772148132
0.14530839025974274
0.11617433279752731
0.24916715919971466
0.2550355792045593
0.2098289430141449
0.14858004450798035
0.17688581347465515
0.294990599155426
0.16491584479808807
0.14092566072940826
0.20580412447452545
0.21047213673591614
0.1253366470336914
0.12466699630022049
0.10239087790250778
0.15583376586437225
0.2267174869775772
0.18684464693069458
0.19393661618232727
0.14085957407951355
0.12246652692556381
0.22744429111480713
0.24291206896305084
0.45697471499443054
0.25041094422340393
0.18329928815364838
0.15467184782028198
0.27431315183639526
0.21404558420181274
0.09752626717090607
0.09974022954702377
0.22656594216823578
0.12924650311470032
0.15546615421772003
0.21815887093544006
0.1014106422662735
0.13249273598194122
0.21277236938476562
0.09379538148641586
0.14559639990329742
0.2607116103172302
0.11449538171291351
0.16688133776187897
0.2469518482685089
0.2632805109024048
0.23948967456817627
0.1688389629125595
0.29468899965286255
0.17661340534687042
0.19681307673454285
0.09040393680334091
0.2883937656879425
0.10837613791227341
0.17440581321716309
0.2637927830219269
0.1994670033454895
0.18250060081481934
0.1256006509065628
0.12676633894443512
0.26904910802841187
0.10440024733543396
0.19320036470890045
0.16522641479969025
0.28215107321739197
0.20655353367328644
0.28679946064949036
0.20050309598445892
0.15253590047359467
0.18723507225513458
0.14077496528625488
0.20488418638706207
0.1347760111093521
0.2041849046945572
0.16996636986732483
0.19542524218559265
0.1351451426744461
0.1633245199918747
0.1848640888929367
0.18291093409061432
0.17638002336025238
0.11907293647527695
0.1954316347837448
0.24034616351127625
0.11113562434911728
0.1341065913438797
0.21300965547561646
0.1432931125164032
0.29014289379119873
0.15869589149951935
0.17471937835216522
0.1914713829755783
0.2147354632616043
0.23950353264808655
0.1257566213607788
0.11188803613185883
0.12727411091327667
0.11774133890867233
0.30947422981262207
0.24819369614124298
0.28656500577926636
0.18272677063941956
0.10607171058654785
0.20366080105304718
0.1876547634601593
0.09531472623348236
0.12143847346305847
0.3148370087146759
0.1872587502002716
0.15034709870815277
0.13309065997600555
0.24984192848205566
0.12380020320415497
0.19082389771938324
0.2283415049314499
0.19023463129997253
0.13155165314674377
0.2780333161354065
0.13074474036693573
0.3751564025878906
0.23343469202518463
0.12456096708774567
0.17543044686317444
0.25666922330856323
0.13576997816562653
0.1699734926223755
0.18717321753501892
0.3375833332538605
0.15579864382743835
0.15079118311405182
0.14216066896915436
0.158639594912529
0.19284528493881226
0.10775163769721985
0.21190568804740906
0.32337430119514465
0.149408221244812
0.12182289361953735
0.11820846050977707
0.08723589032888412
0.2065383791923523
0.13786794245243073
0.16380305588245392
0.10839305818080902
0.439238578081131
0.11500658839941025
0.14456763863563538
0.1306423842906952
0.21801945567131042
0.12204733490943909
0.14586105942726135
0.21412871778011322
0.21012184023857117
0.26238036155700684
0.3082170784473419
0.1478886753320694
0.18208661675453186
0.18883544206619263
0.12354404479265213
0.22269953787326813
0.1318989396095276
0.10362356156110764
0.1745975762605667
0.1716449111700058
0.28506967425346375
0.24928873777389526
0.2610889673233032
0.14334191381931305
0.21982347965240479
0.14974360167980194
0.16379281878471375
0.14836861193180084
0.20671498775482178
0.17417503893375397
0.13104170560836792
0.13986606895923615
0.13878773152828217
0.14277176558971405
0.23575730621814728
0.28208261728286743
0.2125902622938156
0.20869475603103638
0.13757012784481049
0.17720673978328705
0.1501695066690445
0.22496357560157776
0.2249835729598999
0.21229445934295654
0.1761329025030136
0.12562239170074463
0.15084245800971985
0.13670814037322998
0.3764733374118805
0.28351086378097534
0.1848117560148239
0.11586985737085342
0.16462326049804688
0.2519165873527527
0.16233517229557037
0.2032794952392578
0.23659268021583557
0.22646142542362213
0.22472190856933594
0.1364743858575821
0.45547088980674744
0.16850155591964722
0.20978379249572754
0.1367986649274826
0.23946818709373474
0.1658783257007599
0.15336047112941742
0.14276376366615295
0.21466919779777527
0.2785920798778534
0.15402454137802124
0.1254286766052246
0.16521002352237701
0.26650920510292053
0.19654221832752228
0.2092270702123642
0.2210574895143509
0.20198071002960205
0.12251546233892441
0.12201385200023651
0.1464623063802719
0.163735494017601
0.11979499459266663
0.09268570691347122
0.2863990366458893
0.37372055649757385
0.17621012032032013
0.16568005084991455
0.2029508501291275
0.17833538353443146
0.12258569896221161
0.12575991451740265
0.23272722959518433
0.15069492161273956
0.2223249226808548
0.26396042108535767
0.1086597591638565
0.13754576444625854
0.2674618661403656
0.20401722192764282
0.13099361956119537
0.21425117552280426
0.21701180934906006
0.14690163731575012
0.1381978541612625
0.22227589786052704
0.1796092838048935
0.10789036005735397
0.19773975014686584
0.15814614295959473
0.12359950691461563
0.08917714655399323
0.1251550167798996
0.10182631015777588
0.24986673891544342
0.1540844738483429
0.17187650501728058
0.15885373950004578
0.08931899070739746
0.1144486516714096
0.14753763377666473
0.1041930615901947
0.1856141835451126
0.1832198053598404
0.10828928649425507
0.22214572131633759
0.1731082946062088
0.23845437169075012
0.29807719588279724
0.2034570425748825
0.25988465547561646
0.18038974702358246
0.10292769223451614
0.11729246377944946
0.19443637132644653
0.2739161252975464
0.31609907746315
0.32132259011268616
0.266615092754364
0.25444352626800537
0.31495875120162964
0.10899669677019119
0.1638709157705307
0.15600711107254028
0.1888955682516098
0.3936489224433899
0.2577129602432251
0.1291711926460266
0.24751709401607513
0.14442221820354462
0.11870089918375015
0.09309288114309311
0.2250293493270874
0.18874281644821167
0.25650617480278015
0.2355157434940338
0.18679381906986237
0.13896791636943817
0.40018945932388306
0.18728922307491302
0.12243214249610901
0.1103307232260704
0.24037082493305206
0.11361342668533325
0.1982555091381073
0.16158917546272278
0.14460334181785583
0.19454462826251984
0.10419125854969025
0.12654095888137817
0.19414816796779633
0.1358393132686615
0.20984630286693573
0.15962596237659454
0.23144176602363586
0.14511173963546753
0.202837735414505
0.1381230652332306
0.2168247103691101
0.19077657163143158
0.33539584279060364
0.2435998022556305
0.3129561245441437
0.23363536596298218
0.2572983205318451
0.25403788685798645
0.25024721026420593
0.1582687795162201
0.13766536116600037
0.3440406918525696
0.21376031637191772
0.1187613233923912
0.15159186720848083
0.25455552339553833
0.3251592516899109
0.13099248707294464
0.12733449041843414
0.2685846984386444
0.23785357177257538
0.2703595757484436
0.18969286978244781
0.13239632546901703
0.10529442131519318
0.12400046736001968
0.19295430183410645
0.16376711428165436
0.1754983365535736
0.18721064925193787
0.08868163079023361
0.16537590324878693
0.23558059334754944
0.259239137172699
0.2448350489139557
0.23843662440776825
0.16121745109558105
0.138885498046875
0.13136255741119385
0.17857368290424347
0.1462705433368683
0.08802591264247894
0.2288259118795395
0.29653415083885193
0.2876982092857361
0.24390262365341187
0.1641312539577484
0.1529722958803177
0.3579995036125183
0.2320510596036911
0.13984443247318268
0.10293586552143097
0.11081244796514511
0.11565892398357391
0.19249258935451508
0.11519903689622879
0.1122780442237854
0.10129892826080322
0.25544604659080505
0.1727769672870636
0.1119784489274025
0.1849672794342041
0.21396099030971527
0.13340216875076294
0.16078045964241028
0.23624426126480103
0.3077165484428406
0.13159935176372528
0.18773560225963593
0.18331873416900635
0.2615886330604553
0.32021889090538025
0.154017835855484
0.13185149431228638
0.12303012609481812
0.10404683649539948
0.326552152633667
0.27045440673828125
0.10357941687107086
0.1240980252623558
0.2466842383146286
0.17461054027080536
0.15089882910251617
0.2947748005390167
0.13365645706653595
0.1019643172621727
0.3121132552623749
0.18183407187461853
0.13120095431804657
0.254655122756958
0.11493560671806335
0.15555614233016968
0.23826053738594055
0.1404331475496292
0.14639489352703094
0.1832076460123062
0.1422508955001831
0.12695826590061188
0.22795473039150238
0.18587087094783783
0.18187011778354645
0.18044137954711914
0.20780451595783234
0.11515302211046219
0.23811811208724976
0.11563396453857422
0.19901315867900848
0.2661888003349304
0.18945735692977905
0.12192953377962112
0.2795260548591614
0.18794360756874084
0.23967565596103668
0.14299899339675903
0.11492688208818436
0.17088790237903595
0.23737670481204987
0.15011434257030487
0.2443598061800003
0.24223743379116058
0.23003050684928894
0.09236345440149307
0.11248626559972763
0.08188451081514359
0.18922585248947144
0.1819765716791153
0.14973703026771545
0.2591263949871063
0.14500854909420013
0.25714635848999023
0.2009897232055664
0.19609279930591583
0.1604612022638321
0.3324432373046875
0.16563153266906738
0.10721836239099503
0.10103646665811539
0.19982214272022247
0.1470956951379776
0.16863609850406647
0.34856513142585754
0.1599959284067154
0.126808762550354
0.2506573498249054
0.21343354880809784
0.18109624087810516
0.20233266055583954
0.1710793823003769
0.30358272790908813
0.16164381802082062
0.09493593126535416
0.10407274216413498
0.2502734661102295
0.17163416743278503
0.16055771708488464
0.13013722002506256
0.1492609828710556
0.19566981494426727
0.2740687429904938
0.19120849668979645
0.14472001791000366
0.3038477897644043
0.22012068331241608
0.25156351923942566
0.41822823882102966
0.15830810368061066
0.1574414074420929
0.12002363801002502
0.22867339849472046
0.24433639645576477
0.18358692526817322
0.10434166342020035
0.13366548717021942
0.15712323784828186
0.19928377866744995
0.16039252281188965
0.1732783019542694
0.1697494089603424
0.19037887454032898
0.13281585276126862
0.1299065798521042
0.1545625478029251
0.1261761337518692
0.21845421195030212
0.16322442889213562
0.24782751500606537
0.1930904984474182
0.10453259944915771
0.246564581990242
0.12446296960115433
0.2115674465894699
0.16234377026557922
0.2019151896238327
0.20818985998630524
0.1591910570859909
0.15022607147693634
0.11304759234189987
0.17890295386314392
0.1684875190258026
0.13382744789123535
0.17138148844242096
0.18975917994976044
0.1913890391588211
0.16902777552604675
0.15114611387252808
0.14184728264808655
0.256503701210022
0.0832773819565773
0.20283649861812592
0.18031403422355652
0.1641256958246231
0.10006941109895706
0.1582523137331009
0.18772055208683014
0.2518291771411896
0.11760210990905762
0.15604178607463837
0.3916819393634796
0.19239763915538788
0.11096640676259995
0.25702476501464844
0.1848224252462387
0.39748719334602356
0.22660650312900543
0.19254328310489655
0.23785598576068878
0.14552459120750427
0.22409439086914062
0.128449946641922
0.16193272173404694
0.13712608814239502
0.11685340106487274
0.15023839473724365
0.16550439596176147
0.1430082470178604
0.12326259166002274
0.12478361278772354
0.11929507553577423
0.29602181911468506
0.2503683567047119
0.19685330986976624
0.11960334330797195
0.22228951752185822
0.4762006998062134
0.26195085048675537
0.1478814035654068
0.21007339656352997
0.20778408646583557
0.2467370331287384
0.148849755525589
0.2605631649494171
0.16102606058120728
0.19040966033935547
0.15603064000606537
0.1384168565273285
0.1971057951450348
0.1263994723558426
0.20439794659614563
0.1499669849872589
0.11373774707317352
0.11091325432062149
0.13464301824569702
0.12765580415725708
0.21194230020046234
0.1324877142906189
0.16461142897605896
0.13296933472156525
0.14734803140163422
0.2358643114566803
0.3639319837093353
0.15698187053203583
0.138590008020401
0.26351258158683777
0.19402381777763367
0.2073381096124649
0.1927567720413208
0.1874517798423767
0.11785389482975006
0.12787510454654694
0.08701404929161072
0.21463297307491302
0.17664438486099243
0.2814052700996399
0.24474766850471497
0.3054005205631256
0.26373952627182007
0.21867096424102783
0.13301461935043335
0.30452799797058105
0.1892397254705429
0.3719809055328369
0.18131864070892334
0.21356463432312012
0.25871336460113525
0.21923892199993134
0.2536001205444336
0.14215713739395142
0.1668299436569214
0.13838253915309906
0.11325348168611526
0.2526510953903198
0.2273212969303131
0.1794511079788208
0.2559286952018738
