1.1083520650863647
1.8386590480804443
1.2338570356369019
2.530946969985962
1.4238440990447998
0.9916602373123169
1.1470423936843872
1.18886399269104
0.8708928823471069
0.9562770128250122
0.9515298008918762
0.7234764099121094
1.4107366800308228
0.9441969990730286
0.9168570637702942
0.9122332334518433
0.8802983164787292
0.8677170276641846
1.0773448944091797
0.8773629665374756
0.7658257484436035
0.76943039894104
0.8633280992507935
1.3213626146316528
1.0543770790100098
0.92462158203125
0.8187201619148254
0.9337076544761658
0.9176031947135925
0.8965962529182434
0.6364612579345703
0.7536988258361816
0.8742409348487854
1.138107419013977
1.1663888692855835
0.9060787558555603
0.8545000553131104
0.91712486743927
0.8589421510696411
0.8974183201789856
0.8184475898742676
0.7857435345649719
0.738958477973938
0.9928798675537109
1.28713858127594
1.1112626791000366
0.8344358801841736
0.7240284085273743
0.7640383839607239
0.742534339427948
1.0009876489639282
0.8005220890045166
1.4108110666275024
0.8868839144706726
2.255584716796875
1.0987275838851929
0.881200909614563
0.8063464760780334
0.7701666951179504
0.7822720408439636
0.9110163450241089
1.0616092681884766
0.8384170532226562
0.6840481162071228
0.65566086769104
0.8779872059822083
0.8872327208518982
0.8366985321044922
0.8987312316894531
0.7404365539550781
0.7487011551856995
0.6784308552742004
0.8266920447349548
1.0902323722839355
1.1005620956420898
0.8479804992675781
1.2711296081542969
0.8664692640304565
0.8377310037612915
0.7823480367660522
0.8336957097053528
0.984154999256134
0.7700958251953125
1.0779811143875122
0.9556414484977722
0.7919228672981262
0.8474971055984497
0.9794662594795227
1.0127805471420288
0.8150246739387512
0.8585389256477356
0.8982917070388794
0.7332316637039185
0.7866912484169006
0.9372232556343079
0.7833908200263977
0.7375806570053101
0.7826128602027893
1.4192742109298706
0.8841947317123413
0.7668029069900513
0.7717788219451904
1.0200188159942627
0.7442063093185425
0.951328694820404
0.9744803309440613
1.0078903436660767
0.7750756144523621
0.9460440874099731
0.8068916201591492
1.085875391960144
0.9236615300178528
0.7782158851623535
0.7790894508361816
0.8040338754653931
0.7391946315765381
0.8055216670036316
0.8082770109176636
0.6388762593269348
1.2225943803787231
0.976425290107727
0.8136462569236755
0.9800217747688293
0.7590124607086182
0.6415141224861145
0.8543987274169922
0.7816237211227417
1.257622480392456
1.0164594650268555
0.7483770847320557
0.7957708835601807
0.8405351638793945
1.1481804847717285
0.6745434999465942
0.7897560000419617
1.005995273590088
0.8214250206947327
0.9225702285766602
0.8192150592803955
0.6807075142860413
0.7320085167884827
0.8300709128379822
0.745942234992981
0.7762967348098755
0.8389750719070435
0.8017131686210632
0.870285153388977
0.8803472518920898
0.6720290184020996
0.6737271547317505
0.8200724720954895
0.8296085000038147
1.070758581161499
1.1847940683364868
1.0188310146331787
0.9577545523643494
0.9025843143463135
1.0162442922592163
1.1933895349502563
0.9786706566810608
0.9173112511634827
0.8438056111335754
0.8190636038780212
0.8893728256225586
0.9452744722366333
0.9264748692512512
0.8141668438911438
0.7389779686927795
0.9997974038124084
0.8334887623786926
0.7936133146286011
0.903102695941925
0.7893474698066711
0.9036884307861328
0.917155921459198
0.891287088394165
1.1880372762680054
0.793555498123169
0.8494818806648254
0.7152214050292969
0.8231684565544128
0.8050406575202942
0.8393070101737976
0.9914190769195557
0.9495114088058472
1.0269330739974976
0.8166759610176086
1.0528488159179688
0.8349230289459229
0.7800138592720032
0.9671207070350647
0.7404115200042725
0.9401929974555969
1.0036903619766235
0.6559202671051025
0.9156956076622009
0.7574560046195984
0.9532684683799744
0.8692982792854309
0.8202313184738159
1.0198410749435425
1.0691672563552856
0.8109638690948486
0.855358898639679
0.8472400903701782
0.9124264121055603
0.9509122967720032
0.8397491574287415
1.2782121896743774
1.0205347537994385
1.1225045919418335
0.7809985280036926
1.051317572593689
0.8321884274482727
0.838035523891449
1.2257744073867798
0.7813602685928345
0.7985243201255798
0.810827910900116
1.1640082597732544
0.8909199833869934
0.7401573657989502
0.9585109353065491
0.7779420018196106
0.8629472851753235
1.0269986391067505
1.0500295162200928
0.7000955939292908
0.9226288199424744
1.3098570108413696
0.9400044679641724
0.945644199848175
0.7775208950042725
0.8143764138221741
0.9746108651161194
1.077966332435608
0.763536274433136
0.886185348033905
0.8465261459350586
0.9628456830978394
0.9126242399215698
1.0022634267807007
0.7697356343269348
0.8211124539375305
0.8323746919631958
0.7403815984725952
0.6970981955528259
0.8287804126739502
0.8063383102416992
0.8589375019073486
0.9163843989372253
0.8076937198638916
0.8398916721343994
0.7144882678985596
0.9157622456550598
0.9516504406929016
0.7787860631942749
0.7800789475440979
0.777050793170929
1.054667592048645
0.6746131777763367
1.3395881652832031
0.9406998157501221
0.7789880037307739
0.6880423426628113
0.8816855549812317
0.8064107894897461
0.7536447048187256
1.0564069747924805
0.6692623496055603
0.7828799486160278
0.8624855279922485
0.747454822063446
1.1837774515151978
0.9937360882759094
0.9190816879272461
0.7951897382736206
0.8934095501899719
0.7935879826545715
0.8014418482780457
0.8515962958335876
0.8246364593505859
0.9452624917030334
1.5140005350112915
0.9978665113449097
0.9749612808227539
0.7865369915962219
1.0106686353683472
0.8024330139160156
1.1345558166503906
0.5652955174446106
1.0307649374008179
0.7931284308433533
1.0697424411773682
0.8678265810012817
0.8452308177947998
0.8607357740402222
0.7771210074424744
0.7420516610145569
0.8985644578933716
0.7898873090744019
0.7729316353797913
0.7572181224822998
0.7372508645057678
0.6742963790893555
0.7652767896652222
0.7545719146728516
0.7750339508056641
0.7902396321296692
0.739081621170044
0.8574562668800354
1.0301731824874878
0.7825618386268616
1.0119760036468506
0.8411961793899536
0.7156481146812439
0.8989094495773315
0.7486944794654846
0.8882831335067749
0.8127824068069458
0.8705381751060486
0.8483419418334961
0.9611985087394714
0.6988890171051025
0.8501315712928772
0.7432515621185303
1.3170166015625
0.9559382200241089
1.00159752368927
0.896220862865448
0.7499166131019592
0.7935220003128052
0.8760387897491455
0.7643294930458069
0.8101630210876465
0.6913623809814453
0.7825539112091064
1.0257576704025269
0.7640932202339172
0.9087172746658325
0.9086081385612488
0.827401340007782
0.8266170620918274
0.9960930347442627
0.8036568760871887
1.104712963104248
0.777026355266571
0.9346839189529419
0.9531014561653137
0.8993765711784363
0.8736158609390259
0.6954161524772644
0.821319580078125
0.9525290727615356
0.7579811215400696
1.2731961011886597
1.0759714841842651
0.9675810933113098
0.8295517563819885
0.8433512449264526
0.794086754322052
0.8762490153312683
0.756416916847229
1.172615647315979
0.8410482406616211
0.8321361541748047
0.8939852118492126
0.745822012424469
0.7120129466056824
1.2165602445602417
0.9502766728401184
0.9569070935249329
0.8664071559906006
1.083243727684021
1.0139597654342651
0.8744125366210938
0.7199817299842834
1.0083035230636597
0.7984037399291992
1.0280243158340454
0.7387022376060486
0.7908669710159302
0.9287378787994385
0.8349429368972778
1.1294180154800415
0.8222033381462097
0.7665938138961792
1.189874291419983
0.8872603178024292
0.7065762877464294
0.8377966284751892
1.9556680917739868
0.78708815574646
0.7459169030189514
0.7656397223472595
1.1459273099899292
0.8367541432380676
0.8069903254508972
0.8829372525215149
0.7354152798652649
0.9524747133255005
0.757885754108429
0.7967482209205627
0.8724045157432556
0.7611762285232544
0.8136594295501709
0.9405425190925598
0.9748241901397705
1.2661434412002563
0.8167423605918884
0.7351205945014954
0.7569344639778137
0.8169475197792053
1.1136714220046997
0.9594811201095581
0.8739340901374817
0.9984866380691528
0.9086000919342041
0.8985745310783386
0.698614776134491
0.7493864893913269
0.8404713273048401
0.8527119159698486
1.6906297206878662
0.7968853116035461
0.7878537774085999
0.9746854901313782
0.7782204151153564
0.8613147139549255
0.8281359076499939
0.9051386713981628
0.731883704662323
1.019960641860962
0.8069646954536438
0.8305185437202454
0.874407172203064
0.8496195673942566
0.8802019953727722
0.8128311634063721
1.0710591077804565
0.6931270360946655
0.8639841079711914
0.8193528652191162
1.077492356300354
0.7807596325874329
0.7068384885787964
0.8718786239624023
0.9182079434394836
0.8191632032394409
0.8062583804130554
1.2452632188796997
0.775428295135498
0.7728063464164734
0.785588264465332
0.7286346554756165
0.9147303104400635
0.9542636871337891
0.7283857464790344
0.7775738835334778
0.9104224443435669
0.8321770429611206
0.7065455913543701
0.8772455453872681
0.736465334892273
1.560694694519043
1.2469898462295532
0.9070322513580322
0.7068384289741516
0.806874692440033
0.8074724674224854
0.8980997800827026
0.7685757875442505
0.8179963231086731
0.7897070646286011
0.851772129535675
0.6936374306678772
0.7088557481765747
0.9314482808113098
1.0491477251052856
0.8354477286338806
0.8997378945350647
0.8482480645179749
0.9413301944732666
0.874875545501709
1.052812099456787
0.8365216851234436
1.074355959892273
0.7144109606742859
0.786737322807312
0.8193236589431763
0.899346649646759
0.6840237379074097
0.6659844517707825
0.6847627758979797
1.0437755584716797
0.8259504437446594
0.8927925229072571
0.8811522722244263
0.8962872624397278
0.7727580070495605
0.7456415295600891
0.7641645073890686
0.7896776795387268
0.9776158928871155
0.8986634016036987
0.9266924262046814
1.0229718685150146
0.8869591951370239
0.7486686706542969
0.8273108601570129
1.056679129600525
0.8346889615058899
0.9968361258506775
0.7156252264976501
0.8474023938179016
0.9225037097930908
0.9322914481163025
0.7047234773635864
0.8073704242706299
0.7191035747528076
0.9588637948036194
0.7717321515083313
0.7177566885948181
0.7812579274177551
1.1172473430633545
0.8184159994125366
0.9956688284873962
0.9944846034049988
0.8049261569976807
0.8018414378166199
0.7426627278327942
1.104580283164978
0.8415828943252563
0.8455783724784851
0.945225179195404
0.7768163681030273
0.8042411804199219
0.7839210629463196
0.7370265126228333
0.7828288078308105
0.8510525226593018
0.665051281452179
0.8451724648475647
1.0867713689804077
0.770034909248352
0.7977691888809204
0.7093366384506226
0.8668200373649597
0.6736792325973511
0.8856378793716431
1.256940484046936
0.8338335156440735
0.8441345691680908
0.6810727119445801
0.7057938575744629
0.7814230918884277
0.9651759266853333
0.7426717281341553
0.7413565516471863
0.8703616261482239
0.8239798545837402
0.7646197080612183
0.721643328666687
0.6540613770484924
1.2227544784545898
0.7454071044921875
0.8808485269546509
0.9090426564216614
0.7797701954841614
0.8098057508468628
1.147473692893982
0.8997380137443542
0.8224857449531555
0.8229821920394897
0.8465921878814697
0.8114756941795349
0.9819831848144531
0.6750996708869934
0.8550545573234558
0.758520245552063
0.8262829184532166
0.7809246182441711
0.7789600491523743
0.8351719379425049
0.9880442023277283
0.8161454200744629
0.9144598841667175
1.1231846809387207
1.0504419803619385
0.8880059123039246
0.718055009841919
1.1735559701919556
0.9698085784912109
0.7327364683151245
0.7527024149894714
0.9614734649658203
0.7112963795661926
0.7902611494064331
0.7429531216621399
0.8524318337440491
0.8436943292617798
0.7915563583374023
0.8568900227546692
1.2155510187149048
0.8945792317390442
0.7563783526420593
0.8033142685890198
0.7974978685379028
0.7564669847488403
1.0258958339691162
0.818045437335968
0.9302924275398254
0.7295919060707092
0.8882561922073364
0.8389593362808228
0.9055179953575134
0.7611872553825378
0.866503894329071
0.7167086601257324
1.2323994636535645
1.0189367532730103
0.9691711068153381
1.0888649225234985
0.7363494038581848
0.945774495601654
0.6898706555366516
0.7365661859512329
0.7374849319458008
0.8247267603874207
0.705710232257843
0.7200839519500732
0.9510163068771362
0.7239254117012024
0.7846882939338684
0.706852912902832
0.7194227576255798
0.8189525604248047
0.6689565777778625
0.6769403219223022
0.7154158353805542
0.9158141016960144
0.7896310091018677
0.7911579608917236
1.0482395887374878
0.9755514860153198
0.7915716171264648
0.7332937717437744
0.7432364821434021
0.7834501266479492
0.9740087985992432
0.723984956741333
0.8580490946769714
0.7015260457992554
0.7423251271247864
0.9647526144981384
0.9331893920898438
0.8037895560264587
0.844090461730957
0.7987678050994873
0.911962628364563
0.854500949382782
0.9779894351959229
0.8352824449539185
0.772297203540802
0.8126102685928345
0.744481086730957
0.99300217628479
0.8353965878486633
1.0804561376571655
0.8021835684776306
1.2686506509780884
0.7582374215126038
0.7723720669746399
0.8119677901268005
0.8399713635444641
1.1976428031921387
1.0779186487197876
0.6925390958786011
0.8066742420196533
0.6889134645462036
0.7164395451545715
0.8757867813110352
0.7229053378105164
0.7489787340164185
1.1094595193862915
1.1769654750823975
0.9375686645507812
0.822708249092102
1.0975044965744019
0.8496191501617432
0.8932344913482666
0.6550465822219849
0.7122114896774292
0.9122244715690613
0.7751304507255554
0.8098182678222656
0.744719386100769
0.9179458618164062
0.797004222869873
0.7678297758102417
0.6847238540649414
0.7786633372306824
0.7501076459884644
0.8383359909057617
0.691676676273346
0.7523884177207947
0.8952324986457825
1.8859072923660278
0.751541018486023
0.8783757090568542
0.8028692007064819
0.8282938003540039
0.8936138153076172
0.753338634967804
0.8875511288642883
0.8321442008018494
0.7937777638435364
0.8548500537872314
0.7666249871253967
0.879537045955658
1.309686303138733
0.976134181022644
0.7927370667457581
1.1234114170074463
0.8133318424224854
0.7836073040962219
0.809179425239563
1.193939208984375
0.8502206802368164
0.9154589176177979
0.9638320207595825
0.8146801590919495
0.9607842564582825
0.8041817545890808
0.8253400921821594
0.7868349552154541
1.1511238813400269
0.8114054203033447
0.7571390271186829
0.8774067163467407
0.5419968366622925
0.7897680997848511
0.7717228531837463
0.655828058719635
0.7839663624763489
0.769673228263855
0.8655722737312317
0.8323222398757935
0.8330745697021484
0.7462787628173828
0.7327179312705994
0.778705358505249
0.7408496141433716
0.727337658405304
0.7702918648719788
0.7435649037361145
0.7701519727706909
0.7597436308860779
0.618542492389679
0.8417743444442749
1.526316523551941
0.8432610034942627
0.8351559042930603
0.7769725322723389
1.5599106550216675
0.8535866141319275
0.9314592480659485
0.8326144814491272
1.0480350255966187
0.772070586681366
1.228118658065796
0.8713622093200684
0.9146348237991333
0.6702815294265747
0.8187923431396484
1.4254000186920166
0.813235878944397
1.1233927011489868
1.0830663442611694
0.8385490775108337
0.9168429970741272
0.7995114922523499
1.1880935430526733
0.7041694521903992
0.9572027325630188
0.9539105296134949
1.2049404382705688
1.0155351161956787
0.7622941732406616
0.7482600808143616
0.6920753717422485
0.8461694717407227
0.8117054104804993
0.8923110961914062
0.7928616404533386
0.9063818454742432
1.0356723070144653
0.7454227805137634
0.7288187742233276
0.9210858941078186
0.7252936363220215
0.8287627100944519
1.0656533241271973
0.7552738785743713
0.6704991459846497
0.9285492300987244
0.9051206707954407
0.8100464344024658
0.8702437281608582
0.9066208600997925
1.020598292350769
0.7097775340080261
0.8213109374046326
0.7821497321128845
0.7939653992652893
0.8393515348434448
0.8646820187568665
0.8777621388435364
0.8500320911407471
0.8756645321846008
0.751244843006134
0.8014170527458191
0.690255880355835
1.0472311973571777
1.1666280031204224
0.7480090260505676
0.9407914280891418
0.6841058135032654
0.8171988129615784
0.7609477639198303
0.8613454103469849
0.7910111546516418
0.7271596789360046
0.9500017166137695
0.7392630577087402
0.8894217014312744
0.9000719785690308
0.8526284694671631
0.8226482272148132
0.8463956117630005
0.9176134467124939
0.8696404099464417
0.6244878768920898
0.7311893105506897
0.6019278168678284
0.8156759142875671
0.7231497168540955
0.7853322625160217
0.7787769436836243
0.7646779417991638
0.8524144887924194
0.8366353511810303
0.7647579312324524
0.7139408588409424
1.0533653497695923
0.8067678809165955
0.7904258370399475
0.9744212031364441
0.8350675702095032
0.931884765625
0.8554666638374329
0.7936804294586182
0.7491026520729065
0.7813862562179565
0.6550807952880859
0.8866985440254211
0.810648500919342
0.7942732572555542
0.7575138211250305
0.7169736623764038
1.0194851160049438
0.916754961013794
0.7435110211372375
0.7190077900886536
0.8599605560302734
0.8686440587043762
0.8991364240646362
0.7508571743965149
0.7272118330001831
0.8567026853561401
1.031861662864685
0.9756107330322266
0.9134209752082825
0.8338422775268555
0.8231142163276672
0.7372612357139587
0.7661669254302979
0.8702791333198547
0.7100441455841064
0.7537634372711182
0.8321101069450378
0.8173707127571106
1.046048879623413
0.923710823059082
0.7788117527961731
0.8725907206535339
0.9170769453048706
0.760253369808197
0.743023157119751
0.7929020524024963
0.8095210194587708
0.7355093955993652
0.8015044927597046
1.1128438711166382
0.9848240613937378
0.8115772604942322
0.7923673987388611
0.8520787358283997
0.7213030457496643
0.7642498016357422
0.8259193301200867
0.8230054974555969
0.8472174406051636
1.050010323524475
0.770468533039093
0.6973255276679993
0.7398061156272888
0.9169739484786987
0.8909708857536316
0.7642778158187866
1.2660340070724487
0.717351496219635
1.0666804313659668
1.0482600927352905
0.8200066089630127
1.1728003025054932
1.2275158166885376
1.1116371154785156
0.869776725769043
1.063990592956543
0.8210872411727905
1.1939301490783691
0.9137089848518372
0.9834368228912354
0.7688925862312317
0.9018359780311584
0.7910482883453369
0.7420335412025452
0.9850290417671204
0.7756344676017761
1.1969977617263794
0.7718362808227539
0.8195775747299194
0.9015810489654541
0.7473923563957214
0.8110130429267883
0.6960088610649109
0.8753432631492615
0.7389286160469055
0.7628530859947205
1.2464964389801025
0.7781516313552856
0.8571993112564087
0.7582427263259888
1.0844818353652954
0.8616082072257996
0.9209259748458862
1.0368057489395142
0.7309715747833252
0.8113179802894592
1.0521036386489868
0.6740092635154724
0.7689699530601501
0.8588953018188477
0.7672910690307617
0.7375057339668274
0.7907427549362183
0.7533131241798401
1.0298960208892822
0.8668694496154785
0.8634052276611328
0.8530219197273254
0.9487048387527466
0.9506415128707886
0.7598106265068054
0.8362492322921753
1.1953414678573608
0.7055383324623108
0.7751631736755371
1.002055287361145
0.7278034687042236
0.8027046322822571
0.8912236094474792
0.9712929129600525
0.8437192440032959
0.8915843963623047
1.2823948860168457
0.7960875034332275
0.7985758185386658
0.9762439727783203
0.8553175330162048
0.7713722586631775
0.8045451045036316
0.7149012684822083
0.7297469973564148
0.8358930349349976
0.9453608393669128
1.130605936050415
0.7401885986328125
0.8960346579551697
0.834938645362854
0.7858226895332336
0.8360714316368103
0.9983976483345032
1.0697749853134155
0.8843419551849365
0.9000662565231323
1.0731868743896484
0.8302798867225647
0.871753990650177
1.7816298007965088
0.7049767971038818
0.6814417243003845
1.0332422256469727
1.0060319900512695
0.7763686776161194
0.963776707649231
0.9546580910682678
0.7070571780204773
0.7498688101768494
0.789434552192688
0.7605405449867249
0.8040221333503723
0.7486024498939514
0.7549030780792236
0.6991660594940186
0.7732012271881104
0.7528670430183411
0.9682067036628723
0.7609993815422058
0.7900969386100769
0.7260303497314453
0.8197733163833618
0.7813892364501953
0.7807632088661194
0.8364788293838501
1.0542291402816772
0.7217863202095032
0.7906844019889832
0.7120550274848938
1.1673654317855835
0.7466570138931274
0.7540157437324524
0.9221757054328918
1.0810750722885132
1.042858362197876
0.834723174571991
1.2337439060211182
0.8584588170051575
1.1461148262023926
1.0768448114395142
0.6801339387893677
0.7107057571411133
0.7755719423294067
0.8368078470230103
0.806236982345581
0.821173369884491
1.005598545074463
0.9072996973991394
1.1642372608184814
0.9576178789138794
0.6552146077156067
0.8269861340522766
0.8596329092979431
0.8364624977111816
0.8561282157897949
0.8072356581687927
0.711747407913208
0.7928302884101868
0.820409893989563
0.8511397838592529
0.8418398499488831
0.6996710896492004
0.9287749528884888
0.8276931047439575
0.7936400175094604
0.8845748901367188
0.7502052783966064
0.6826685070991516
0.8596327900886536
0.8352044224739075
0.7318761944770813
0.7131525278091431
1.0626256465911865
0.7217101454734802
0.7371888756752014
0.8643887639045715
0.7949305772781372
0.7422894239425659
0.7940400838851929
0.8244819045066833
0.7415581941604614
0.7667726874351501
0.8336821794509888
0.866784393787384
0.8041733503341675
0.752040684223175
0.8242003321647644
0.8341798782348633
0.7315835952758789
0.7854062914848328
0.856434166431427
0.8189575672149658
0.8469461798667908
0.7483196258544922
0.707115113735199
0.8004867434501648
1.2123140096664429
0.8107542395591736
0.8824294209480286
0.6671482920646667
0.6815487146377563
0.8325551152229309
0.8220757842063904
0.9353260397911072
0.7601758241653442
1.0743757486343384
0.7968045473098755
0.8537459969520569
0.8505661487579346
0.7616675496101379
0.7452486157417297
1.0582674741744995
0.7990458011627197
0.8093477487564087
0.7795841693878174
0.8985947370529175
0.8352925181388855
0.8175110220909119
1.0142977237701416
0.709433913230896
0.6950917840003967
1.0217690467834473
0.7466565370559692
0.7874060869216919
0.7708522081375122
0.7761671543121338
1.043110966682434
0.919623613357544
0.9458639621734619
0.8988745808601379
0.8521512150764465
1.0557911396026611
0.6863813400268555
1.2337216138839722
1.0564733743667603
0.796358048915863
0.794387936592102
0.7609582543373108
0.9198393225669861
0.7879239320755005
0.903768002986908
0.8851332068443298
0.802666962146759
0.9148578643798828
0.850534975528717
0.7607268691062927
1.1698945760726929
1.076558232307434
0.8439168930053711
0.907957911491394
0.796035647392273
0.7919839024543762
0.7711230516433716
0.82937091588974
0.781729519367218
0.8151089549064636
0.7982826828956604
0.9442604184150696
0.7732717990875244
0.7571560144424438
0.7721623778343201
0.7893609404563904
0.8481162190437317
0.9081344604492188
0.8824974894523621
0.836063802242279
1.0420167446136475
0.7781532406806946
0.7971875071525574
0.9618197679519653
0.7472766041755676
1.0375173091888428
0.8010279536247253
0.7817531228065491
0.7370170950889587
0.80497145652771
0.7624046802520752
0.8469575047492981
0.7278156280517578
0.6948942542076111
0.813426673412323
1.3610949516296387
0.9023392796516418
0.8948444724082947
0.8855946660041809
0.8848945498466492
0.9362743496894836
0.8998177647590637
0.9184752702713013
1.053920865058899
0.8781049251556396
0.7522404193878174
0.6654651761054993
0.6738177537918091
0.7409232258796692
1.2515162229537964
0.8209720253944397
0.7563331723213196
0.8127765655517578
0.8033974766731262
0.7815779447555542
1.0078866481781006
0.693954348564148
0.8544962406158447
0.8293364644050598
0.834784746170044
0.7113370895385742
0.8683133721351624
1.0556496381759644
0.7972322106361389
0.6260777115821838
1.056709885597229
0.851079523563385
0.7592533826828003
0.8706120252609253
0.7912873029708862
0.7952896356582642
0.6964722871780396
1.4559991359710693
0.8726876378059387
0.7926502227783203
1.0807673931121826
0.764396071434021
0.7902934551239014
0.7420223355293274
0.8646557927131653
1.0969643592834473
0.8431575894355774
0.7991881966590881
0.8576040863990784
1.04973566532135
0.7995654344558716
0.7628358006477356
0.7715670466423035
1.245046615600586
0.6754603981971741
0.7105627059936523
0.7191388010978699
0.9394077658653259
0.8862732648849487
0.8381338119506836
1.036863088607788
0.9142354130744934
0.8926774263381958
0.8061693906784058
0.8175109028816223
0.7536059617996216
0.8549233078956604
0.8979695439338684
0.8374002575874329
0.8445629477500916
0.8016786575317383
0.7420563101768494
0.7910224199295044
1.3119964599609375
0.7837893962860107
0.8279455304145813
0.9887445569038391
0.7799363732337952
0.773895263671875
0.8939782381057739
0.8885034322738647
0.8027318716049194
0.7920855283737183
1.1399494409561157
0.7099010944366455
0.8863157033920288
0.81336510181427
0.962601363658905
0.7653813362121582
0.6896716356277466
1.1176800727844238
0.8564271926879883
0.8784438371658325
0.7378842830657959
0.7550793886184692
0.9390254616737366
0.6985620856285095
0.8667194247245789
0.9043430685997009
0.982873260974884
0.7669398188591003
0.7783173322677612
1.517567753791809
0.7597774267196655
0.8408094644546509
0.8847686648368835
0.9378328323364258
0.7773378491401672
0.8151586651802063
0.8429608941078186
0.7203589677810669
0.6924091577529907
0.73700350522995
1.0222220420837402
1.1773676872253418
1.2437880039215088
0.9601947069168091
0.7624680399894714
0.7993195652961731
0.7484543323516846
1.0375256538391113
0.8498559594154358
1.1152369976043701
0.751271665096283
1.001853108406067
0.6918801069259644
0.831365704536438
0.7057627439498901
0.8850855231285095
1.0994722843170166
1.214765191078186
0.8630028963088989
0.8465678095817566
1.0103466510772705
0.7749456763267517
0.9413214921951294
0.7321443557739258
0.7621947526931763
0.8965231776237488
0.8795321583747864
0.986009418964386
0.7992305755615234
0.8325114846229553
0.8230862021446228
0.9647490382194519
0.793047308921814
1.1812626123428345
0.8449795246124268
0.7824738621711731
0.8657286763191223
0.8377547860145569
0.8266506195068359
0.7370566129684448
0.7619960904121399
0.9331911206245422
0.7322733402252197
0.727567732334137
1.0304474830627441
0.795218825340271
0.7666402459144592
0.8595932722091675
0.9415789842605591
0.7548016905784607
0.975297212600708
0.737648606300354
0.8365031480789185
0.8197916150093079
1.1398016214370728
1.2995085716247559
0.7237326502799988
0.6384649276733398
0.8480020761489868
0.756830632686615
0.9811550974845886
0.7660515308380127
0.8999122977256775
1.219800591468811
1.1854748725891113
0.7722153067588806
0.8243427276611328
0.7913494110107422
1.2114442586898804
0.8097831606864929
0.8626071810722351
0.7367277145385742
0.7934029698371887
0.7802794575691223
0.7926008701324463
0.8869938850402832
0.7238913774490356
0.73918217420578
0.7872946858406067
0.8874710202217102
1.0574766397476196
0.8162053227424622
1.090010166168213
1.0245503187179565
0.8764780759811401
0.7405658960342407
0.6798146367073059
0.7729256749153137
1.1357437372207642
0.7706559300422668
0.7829713821411133
0.8315669894218445
0.7214242219924927
0.8043388724327087
0.7420649528503418
0.7785070538520813
0.9377899169921875
1.1597459316253662
0.8946113586425781
0.8560518026351929
0.784059464931488
0.7885431051254272
0.872857928276062
0.8837259411811829
0.989030659198761
0.8053134083747864
0.8409183025360107
0.7824318408966064
0.7660127282142639
0.8304439783096313
0.7780331969261169
0.7446714639663696
0.7989550232887268
0.8893429636955261
0.7125628590583801
0.705131471157074
0.8176324963569641
0.7808294296264648
0.6897315979003906
0.8240821361541748
0.8566207885742188
0.7316204905509949
0.8302050828933716
0.9187416434288025
0.7343113422393799
0.6895520687103271
0.8963501453399658
0.8113199472427368
1.0074738264083862
0.7491465210914612
0.8010918498039246
0.9100269675254822
0.747681736946106
0.8567938804626465
0.7720062136650085
0.8046652674674988
0.938879132270813
0.7583065032958984
0.8589805960655212
0.7475922107696533
0.7025966644287109
0.6948485970497131
0.9511448740959167
0.7227753400802612
0.6763062477111816
0.7874696850776672
0.6854826211929321
0.7348324060440063
1.2017031908035278
0.892579197883606
0.7884436845779419
0.8066086173057556
1.4870308637619019
0.8283728361129761
0.7525566220283508
0.7512553334236145
0.7507534623146057
0.8864556550979614
0.9261394143104553
0.7883614897727966
0.8370975852012634
0.7100971937179565
0.8096937537193298
1.1892588138580322
0.7905281782150269
0.9598666429519653
0.7862780094146729
0.8307263851165771
0.7629451751708984
0.9485147595405579
0.7420430183410645
0.92823725938797
0.8878658413887024
0.7715740203857422
0.87177574634552
0.8154684901237488
0.7928345799446106
0.7991015315055847
0.8539701700210571
0.7934199571609497
0.8095352649688721
0.5683749318122864
0.7712671756744385
0.896569550037384
1.034916877746582
0.8082566261291504
0.6542034149169922
0.8494095206260681
0.9674676060676575
1.0093504190444946
0.7350578308105469
1.251646637916565
0.698597252368927
1.453390121459961
0.7996523976325989
0.9853989481925964
1.015257477760315
0.7254007458686829
0.8939617872238159
0.8768684267997742
0.8851603269577026
0.7669262290000916
0.8334639668464661
0.8751907348632812
0.8064481019973755
0.7453374862670898
0.740153431892395
0.6500737071037292
0.8061025738716125
0.8310840129852295
0.762391209602356
0.7533718943595886
0.8755329251289368
0.789473831653595
0.8856920599937439
0.8078916668891907
0.8800566792488098
0.8338211178779602
0.6002906560897827
0.8959991931915283
0.7493675351142883
0.637487530708313
0.7701767086982727
0.8871378898620605
0.736603319644928
1.0688964128494263
0.9120811820030212
0.6651042699813843
0.743360161781311
0.7811503410339355
1.1569466590881348
0.7374380230903625
1.3423279523849487
0.7181882858276367
0.7534835934638977
0.9436879754066467
0.7768353819847107
0.7906174063682556
0.9047234654426575
0.7992197871208191
0.8673508167266846
0.7940288186073303
0.8705067038536072
0.9944682717323303
0.844431459903717
0.7449482083320618
0.7282646298408508
0.6751235127449036
0.7815507650375366
0.8052968382835388
1.0019272565841675
0.7934313416481018
0.7666364312171936
0.7424063086509705
0.9190900921821594
0.7481978535652161
0.9739586710929871
0.7979713082313538
0.7864425778388977
0.7240889668464661
1.0450308322906494
1.1960153579711914
0.8894072771072388
0.8292645215988159
0.731099009513855
0.7896245121955872
0.8430628180503845
0.776276707649231
0.647149384021759
0.9121049046516418
0.8420144319534302
0.8620835542678833
0.854080855846405
0.8234542012214661
0.7347398400306702
0.9336236119270325
0.9851788282394409
0.7398365139961243
0.7549166083335876
0.809779167175293
0.8441595435142517
0.8358808159828186
0.757727861404419
0.8230393528938293
0.9571587443351746
0.8874544501304626
0.8444488644599915
0.6996987462043762
0.8490009307861328
0.8563873767852783
0.7403222322463989
0.8467081189155579
0.8567003011703491
0.7064148783683777
0.9243122935295105
0.7619432210922241
0.8844195008277893
0.9726967215538025
0.8114690780639648
0.6913331151008606
0.748272716999054
0.7780198454856873
0.7917760610580444
0.7262032628059387
0.738813042640686
0.9066485166549683
0.8332014083862305
0.7713192105293274
0.75994873046875
0.7942517399787903
0.767857015132904
0.751833438873291
0.7412829995155334
0.7932208180427551
0.728787362575531
1.2285499572753906
0.7715572118759155
1.0198091268539429
0.7459648847579956
0.948390007019043
0.8378655314445496
0.7886372804641724
0.8375840187072754
0.7757431268692017
0.821933388710022
0.7401384711265564
0.9517551064491272
0.7117148637771606
1.2062610387802124
0.8339080810546875
0.8229837417602539
0.9411449432373047
0.9731882214546204
0.6552165150642395
0.7167714238166809
0.788351833820343
0.8280540108680725
0.7622948884963989
0.8139919638633728
0.7220892310142517
0.8876269459724426
0.7692340016365051
0.6610097289085388
0.7387362718582153
0.695232093334198
1.2351025342941284
0.9431440830230713
0.7952120304107666
0.9354291558265686
0.7823770046234131
0.8903499245643616
0.8219814300537109
0.8118128776550293
0.8466078639030457
0.8849895596504211
0.6271691918373108
0.7251985669136047
0.9314613342285156
0.8045355677604675
0.9795100092887878
0.815939724445343
0.8467104434967041
0.8279100656509399
0.9903416037559509
0.9533309936523438
1.0389944314956665
0.777326226234436
0.8751097917556763
0.9033885598182678
0.7425411939620972
0.7386571168899536
0.8221717476844788
0.8927968144416809
0.8361787796020508
0.842803418636322
1.5284154415130615
0.9613359570503235
0.8151668310165405
0.7447881102561951
0.9024136662483215
1.1897196769714355
0.7832279205322266
0.8162775039672852
0.885468065738678
0.89932781457901
0.9637189507484436
0.7959175109863281
0.9599708914756775
1.0331043004989624
0.7335222959518433
0.8935644626617432
0.7591627836227417
0.8224170804023743
1.371828556060791
0.842112123966217
1.0344688892364502
0.6914365291595459
0.8973520398139954
0.7400069832801819
0.7186619639396667
0.8736685514450073
0.93092942237854
1.030836582183838
1.0216047763824463
0.7217189073562622
0.781051754951477
0.8738834261894226
0.7988556027412415
0.7547893524169922
0.8773617744445801
0.88544762134552
0.7478656768798828
0.763132631778717
0.7522369027137756
0.9136850833892822
0.8526855707168579
1.0014272928237915
0.8631315231323242
0.9199709296226501
0.77094966173172
0.8206548094749451
0.9355645775794983
1.1361881494522095
0.7059308290481567
0.7973912358283997
1.165513038635254
0.7550093531608582
0.803265392780304
0.875688374042511
1.2462354898452759
0.7673400044441223
0.7420008778572083
0.8465157151222229
0.9189180731773376
0.7347562909126282
0.82620769739151
0.8028470277786255
0.8963465094566345
0.8040237426757812
0.7551586627960205
1.0249154567718506
0.7795624136924744
1.03882896900177
0.8968626856803894
0.5521541237831116
0.7717986106872559
0.8696345686912537
0.7753269672393799
0.8679407835006714
0.7564918994903564
1.0720757246017456
0.8450340628623962
0.8408145308494568
0.6916865110397339
0.7802155613899231
0.733768880367279
0.841450572013855
0.749100387096405
0.9330885410308838
0.8862336277961731
0.7414821982383728
0.9530909061431885
0.9915054440498352
0.72510826587677
0.9513293504714966
0.8716408610343933
0.6961076855659485
0.7493508458137512
0.5535280108451843
0.9102230072021484
0.9771814346313477
0.7739084959030151
1.0653650760650635
0.873275101184845
0.8581787943840027
0.7082679867744446
0.8620374202728271
0.7501569390296936
0.7593441009521484
1.072517991065979
0.8386584520339966
0.7881642580032349
1.0106205940246582
0.9585596919059753
0.762729823589325
0.8086382150650024
1.5246466398239136
0.7715538740158081
0.8739765286445618
0.8135390877723694
1.2856193780899048
0.8257396817207336
0.8475077152252197
0.7346957325935364
0.7079166173934937
0.9474755525588989
0.7458422780036926
0.8271605372428894
0.6975423097610474
0.8223150968551636
0.7593056559562683
0.817541241645813
0.825554609298706
0.8809882402420044
0.7070261836051941
0.7659825682640076
0.7531899213790894
0.8679679036140442
0.5008196234703064
0.9069550633430481
0.8934977054595947
0.9454818367958069
0.7486584782600403
0.8067548274993896
0.768021821975708
0.6996631622314453
0.856077253818512
0.9046257138252258
0.8527436852455139
0.9717686772346497
0.9551222920417786
0.7709033489227295
0.8342212438583374
0.8633065819740295
0.808868408203125
1.0907227993011475
0.7394750714302063
0.8248157501220703
0.8224464058876038
0.9482920169830322
0.7979845404624939
0.5575351715087891
0.7114280462265015
1.105119228363037
1.1023913621902466
0.8531774878501892
0.8481847643852234
0.8023028373718262
0.8365749716758728
0.9793473482131958
0.7324627041816711
0.9942335486412048
0.7926738858222961
0.8314359784126282
1.047042965888977
0.8518058061599731
1.3435194492340088
0.842050313949585
0.8691000938415527
0.6394827961921692
0.9838517308235168
1.2883684635162354
0.8594346046447754
0.7870845198631287
0.804549515247345
0.7316095232963562
0.7311455607414246
0.8761265277862549
1.2473218441009521
0.706041693687439
0.8542261719703674
0.9914258122444153
0.8104165196418762
0.8476089835166931
0.9455676674842834
0.6474448442459106
0.8989759087562561
0.8101069331169128
0.8200333714485168
0.763623058795929
0.9024878740310669
0.7750046849250793
0.7467604875564575
0.6960294842720032
0.8225103616714478
0.7534196972846985
1.028613567352295
0.7669570446014404
0.8011766672134399
0.6413972973823547
0.9646618962287903
0.795976459980011
0.6708176136016846
0.8470228314399719
0.7806767821311951
0.9196972250938416
0.6383485794067383
0.8601582646369934
1.2972140312194824
0.7263780236244202
0.7504962682723999
0.7721827030181885
0.7791722416877747
1.3426693677902222
0.8007090091705322
0.8255879878997803
0.8499389886856079
0.8793611526489258
0.8187572360038757
0.790203332901001
0.892063558101654
0.6931673884391785
0.8490148186683655
0.7598272562026978
0.7908958792686462
0.7892583012580872
0.691155731678009
0.8182671070098877
0.7967889904975891
0.78180992603302
0.7529032826423645
0.8970332741737366
0.8521431684494019
0.8219675421714783
0.79381263256073
0.941956639289856
0.8877527713775635
0.8188251852989197
0.7887243628501892
0.8195576071739197
0.847460925579071
0.9274932146072388
0.524872362613678
0.8033927083015442
1.0929510593414307
0.8418576121330261
0.8267329335212708
0.8979456424713135
1.0774167776107788
0.9793497920036316
0.9074406027793884
1.0269778966903687
0.7972810864448547
0.7652852535247803
0.7543315887451172
0.8729222416877747
0.9277082085609436
0.8731756806373596
0.7506536841392517
0.8656005859375
1.444446325302124
0.9004417061805725
0.8008001446723938
0.7161855697631836
0.8732050061225891
0.7016783952713013
1.0018972158432007
0.7797446250915527
0.8449245095252991
0.8341207504272461
0.7085884213447571
1.0777674913406372
0.8709079623222351
0.8855856657028198
0.8254011273384094
1.2338422536849976
0.7839365005493164
0.8263435959815979
0.801699697971344
1.3657176494598389
0.8522484302520752
0.771754801273346
0.7739206552505493
1.130779504776001
0.8529378175735474
0.8532292246818542
0.927219808101654
0.7134242057800293
0.8331499695777893
0.6819465756416321
0.7392714619636536
0.8084374666213989
0.934849739074707
0.7914875149726868
0.8425853252410889
0.8123001456260681
0.8879655003547668
0.8024609684944153
0.8290480971336365
1.021097183227539
1.2339859008789062
0.8040182590484619
0.8088313341140747
0.8256911635398865
1.0773729085922241
0.8470706939697266
0.7085227966308594
0.9242441654205322
0.8502996563911438
1.0659393072128296
0.9083440899848938
0.7495172619819641
0.7317618131637573
0.8286852240562439
0.64161217212677
0.80356365442276
0.8042793273925781
0.7075638175010681
0.8140330910682678
0.9374256134033203
0.8393593430519104
0.8867776989936829
0.8603708744049072
0.7978032231330872
0.8756990432739258
0.927415132522583
0.8411968946456909
0.9628005623817444
0.7306202054023743
0.8565748333930969
0.8439810872077942
0.7802041172981262
0.8145121335983276
0.7906003594398499
0.7561154365539551
0.8946242928504944
1.08522367477417
0.8276452422142029
0.8611327409744263
0.8406406044960022
0.8846457004547119
0.8910700678825378
1.0358330011367798
1.088239312171936
0.9068372845649719
0.9969930648803711
1.1464931964874268
0.7776959538459778
0.7854636311531067
0.8798367381095886
0.9810364842414856
0.844463586807251
0.8916030526161194
0.8684223294258118
0.705443263053894
0.8172269463539124
0.8315349221229553
0.771242618560791
0.812008798122406
0.6876142621040344
0.7907105088233948
0.7853829264640808
0.9174395799636841
0.8641996383666992
1.068458914756775
0.7380716800689697
0.8198955655097961
0.8128951191902161
0.7487519383430481
0.7856960296630859
0.7881209254264832
0.8163414001464844
0.8155545592308044
0.8202584981918335
0.7460435032844543
0.709416925907135
0.6275482773780823
1.044108510017395
0.8119915127754211
0.8724077939987183
0.7198397517204285
0.9556868076324463
0.7893314361572266
0.6834356188774109
0.8215904831886292
0.6582754850387573
0.8408014178276062
0.615095853805542
0.7459449768066406
0.9297309517860413
1.0928877592086792
0.827235758304596
0.7740209102630615
0.8599879145622253
0.8964726328849792
0.9104754328727722
0.8009264469146729
0.7829051613807678
1.006272554397583
0.8229338526725769
0.8074932098388672
0.7854046821594238
0.8504064083099365
0.9173157811164856
0.7694150805473328
0.9504762291908264
0.668199896812439
0.939250648021698
1.0869957208633423
0.7821523547172546
0.932275116443634
0.8549549579620361
0.6013404130935669
0.796265184879303
0.8925545811653137
1.0264116525650024
1.0872613191604614
1.0182323455810547
0.9404218792915344
0.7430694103240967
0.7580495476722717
0.8428317308425903
0.8335615992546082
0.9467349648475647
0.8354775309562683
0.872848629951477
0.8254936933517456
1.0939851999282837
1.1690447330474854
0.7390123009681702
0.8697506189346313
0.9053724408149719
0.7727004885673523
0.8336072564125061
0.7839277982711792
0.7102646231651306
0.8442531228065491
0.8948481678962708
0.6792979836463928
0.729583203792572
0.9035433530807495
0.6663307547569275
0.7608391046524048
0.7437481880187988
0.8709403276443481
0.7939364314079285
0.8463044762611389
1.0705105066299438
1.0076690912246704
0.7894588112831116
0.8160185217857361
0.7884969115257263
1.0511308908462524
0.7606523633003235
0.9329565167427063
0.962774395942688
0.7526372075080872
0.7733363509178162
0.9018808007240295
0.8052943348884583
0.8553758263587952
0.8565714955329895
0.8278222680091858
0.6994797587394714
0.7211048007011414
0.9551357626914978
0.8747842907905579
0.9079592227935791
0.7619313597679138
0.836712658405304
0.7803370356559753
0.7982386350631714
0.8096646070480347
0.7632759809494019
0.7916557788848877
0.8299714922904968
0.7696838974952698
0.8287535905838013
0.9460898637771606
0.8016185760498047
0.868148684501648
0.7797640562057495
0.7896624207496643
0.7512453198432922
0.9484747052192688
0.7202320098876953
0.91108238697052
0.8978691101074219
0.8571613430976868
0.7746718525886536
0.8150780200958252
0.7845140695571899
0.8227120637893677
0.6841973066329956
0.7381033897399902
0.7654887437820435
0.7837024331092834
0.7731731534004211
1.1554781198501587
0.9335144758224487
1.0119389295578003
0.8139910697937012
0.8863428235054016
0.8378434777259827
0.6889712810516357
1.0374200344085693
0.8468807935714722
0.6967757344245911
0.7176644206047058
0.8422968983650208
0.8949642181396484
0.8072735071182251
0.8700876235961914
0.7339780926704407
0.8520665764808655
1.044181227684021
0.8580155372619629
1.0196943283081055
0.8210185170173645
0.786317765712738
0.5640603303909302
0.8020880818367004
0.9000270962715149
1.0188003778457642
0.7617216110229492
0.7229698896408081
0.8278895616531372
0.6102585196495056
1.0469788312911987
0.8712013363838196
1.0394355058670044
0.8236965537071228
0.7450217008590698
0.7632984519004822
0.7314549684524536
0.836912214756012
0.7595639824867249
0.773548424243927
0.8668438792228699
0.6963852047920227
1.1220003366470337
0.8126888275146484
0.7443758845329285
0.8143741488456726
1.219170331954956
0.8252338171005249
0.7879605293273926
0.7477555871009827
1.0768282413482666
0.7175119519233704
0.7176530957221985
0.7267455458641052
0.6619400382041931
0.8134967088699341
1.0040174722671509
1.1695479154586792
1.0042262077331543
0.9082134962081909
0.7245149612426758
0.7131403684616089
0.7638829946517944
0.8898538947105408
0.8262197375297546
0.7374662756919861
0.7763813138008118
0.7364961504936218
0.9536545872688293
0.7403191924095154
0.9352002739906311
0.8076527118682861
0.8982416987419128
0.8512182831764221
0.8277705311775208
0.9046938419342041
0.752000629901886
0.8224867582321167
0.7379560470581055
1.030924677848816
0.936298668384552
0.6946362257003784
1.1291866302490234
0.6860811114311218
0.8555827736854553
0.7057623267173767
0.8329696655273438
0.7036164402961731
0.7614405155181885
0.8102771043777466
0.9236181378364563
0.8900212049484253
0.7849960327148438
1.0541414022445679
0.8449080586433411
0.8073998689651489
0.8775351643562317
0.9149287343025208
0.8893827795982361
0.7510870099067688
1.1040116548538208
0.7138476967811584
0.7103902697563171
0.6666387915611267
0.7735416889190674
0.8123304843902588
0.8882908225059509
0.9309676289558411
1.1751880645751953
1.0426422357559204
0.8432863354682922
0.7755734920501709
0.7990208268165588
1.0135884284973145
0.8370877504348755
0.8628939986228943
0.8021321892738342
0.7482898235321045
0.7535873055458069
0.8183993101119995
0.7439471483230591
0.9348310828208923
0.8080387115478516
0.9657084345817566
0.8773829340934753
0.7697721719741821
0.7771809101104736
0.804630696773529
0.7935521006584167
0.9793775677680969
0.7813538312911987
0.9024422764778137
0.7383401989936829
0.8191211819648743
0.7878295183181763
0.8829475045204163
0.8193567395210266
0.9567400813102722
0.7426785826683044
0.8710317611694336
0.766119122505188
0.7720312476158142
0.7945801019668579
0.6614717841148376
0.9102283120155334
0.9130086898803711
0.8234349489212036
0.79468834400177
0.8513278365135193
0.9679239392280579
1.1059869527816772
0.8647244572639465
0.7579660415649414
0.8136051893234253
0.7136196494102478
0.7269576191902161
1.0230252742767334
0.7719568610191345
0.781867265701294
0.8242591023445129
0.9123683571815491
0.9917032718658447
0.7242202758789062
1.046493411064148
1.230224847793579
0.7536776065826416
0.8858176469802856
0.7243697047233582
0.8338534235954285
0.7603825330734253
0.946156919002533
0.7797712683677673
0.7833250761032104
1.176510214805603
0.7988927960395813
1.0213021039962769
0.8730340003967285
0.7908867001533508
0.942577600479126
0.7869725227355957
0.845305323600769
0.7838667631149292
0.8164087533950806
0.8083062767982483
1.1267422437667847
0.7484872937202454
0.7587616443634033
0.7139474153518677
1.0689765214920044
0.9800323843955994
0.7579969763755798
0.8389535546302795
0.9097565412521362
1.0286668539047241
0.8770142197608948
0.7024158239364624
1.074167013168335
0.7641147375106812
1.126401662826538
0.7395480871200562
0.8980854153633118
0.9966112971305847
0.8895361423492432
0.8522167801856995
0.7700132727622986
0.7581003904342651
0.9077862501144409
0.8856456279754639
0.8439117074012756
0.949944794178009
0.9226913452148438
0.844211995601654
0.9556511640548706
0.7356658577919006
0.7919418811798096
1.5139175653457642
1.0188058614730835
0.8180693984031677
0.7151753306388855
0.8575848340988159
0.8980406522750854
0.9282633662223816
0.8245701193809509
0.8603200912475586
1.189014196395874
0.9031853079795837
0.7434821128845215
0.7295443415641785
0.9745346903800964
1.306663155555725
0.8685512542724609
1.007895827293396
1.02178955078125
0.759293794631958
0.9270310997962952
0.7043800950050354
0.9882060289382935
0.8620793223381042
0.7258980870246887
0.833340585231781
0.7590097188949585
0.9310504198074341
0.7749515175819397
0.7430754899978638
0.8250861763954163
0.8290281891822815
0.7986911535263062
0.9752108454704285
0.8538888096809387
0.9472987055778503
0.7377547025680542
0.7118217945098877
0.9958257675170898
0.8639927506446838
0.9342861175537109
0.9199049472808838
0.8438116312026978
0.7740371823310852
1.0117825269699097
0.9231064319610596
1.329927682876587
0.7718924283981323
1.0747694969177246
0.8519228100776672
1.255354642868042
0.6758999824523926
0.8216671943664551
0.8569489121437073
0.7655645608901978
1.3369426727294922
1.244651436805725
0.7637141346931458
1.0666618347167969
0.8083860874176025
0.7981070280075073
0.963003933429718
1.0352017879486084
0.7923640608787537
0.7425829768180847
0.7284164428710938
0.9026859402656555
0.8282154202461243
0.6896727085113525
0.9875833988189697
0.8457563519477844
0.7738572359085083
0.8010085821151733
0.8340675830841064
0.8323639035224915
0.7503371834754944
0.8077881336212158
1.0720988512039185
0.8729109168052673
0.7416566014289856
0.8154664039611816
0.88540118932724
0.7341426014900208
0.7724451422691345
0.7628363370895386
0.7780163884162903
0.8379591107368469
1.134310007095337
0.714276909828186
1.016384243965149
0.8127349019050598
0.9710869193077087
0.7563355565071106
0.8850488066673279
0.8311812281608582
0.9213526248931885
0.8207276463508606
1.189517855644226
0.6540135145187378
0.7700159549713135
0.6881335377693176
0.8562089800834656
0.7114970088005066
0.7943829298019409
1.1047695875167847
1.2542284727096558
0.7754730582237244
0.7693122029304504
0.7447296977043152
0.8092261552810669
0.8096710443496704
0.9705479741096497
0.8564596176147461
0.863079845905304
0.9414299726486206
0.8528465628623962
1.0107879638671875
1.0426942110061646
0.7152472734451294
0.7986553907394409
0.7730541825294495
0.8048324584960938
0.9570272564888
0.9183627367019653
0.7514460682868958
0.9002761840820312
0.8506308794021606
1.0327214002609253
1.4510536193847656
0.9670365452766418
0.9271786212921143
0.7973480224609375
0.7353383302688599
0.7650033235549927
0.7419820427894592
0.7894755005836487
0.7146250605583191
1.1894830465316772
0.7530198693275452
0.8265560865402222
1.0811830759048462
0.9824500679969788
0.702874481678009
0.9283347725868225
0.8966098427772522
0.6814268231391907
0.8094968795776367
0.7346022725105286
0.956538736820221
0.7824409604072571
0.7602782845497131
0.8866426944732666
0.753474235534668
0.9788421988487244
0.7037561535835266
0.8360372185707092
0.7435796856880188
0.786469578742981
0.8583396077156067
0.6970311403274536
0.9149201512336731
1.0148569345474243
0.8501660227775574
0.8272325992584229
0.9436312913894653
0.8306309580802917
1.0172863006591797
0.7580289840698242
0.7669968605041504
0.931463360786438
0.7465879917144775
1.0283012390136719
0.8054892420768738
0.7720640897750854
1.2119600772857666
0.7523029446601868
0.7584642171859741
0.6978060603141785
0.866273045539856
0.8202584385871887
0.8485366106033325
1.190779209136963
1.2027705907821655
0.7027395367622375
0.783470630645752
0.7921877503395081
0.7784188389778137
0.8257958292961121
0.9518126249313354
0.7124440670013428
0.7519125938415527
0.9176017045974731
0.8639316558837891
0.8050598502159119
0.6443432569503784
0.785679817199707
0.9059516191482544
0.7541089653968811
0.7624202370643616
0.7185234427452087
0.7371636033058167
0.8370707035064697
0.9131596684455872
0.8812042474746704
1.0432442426681519
1.2382882833480835
0.8106050491333008
0.8519365787506104
0.9451887607574463
0.8558009266853333
0.8818622827529907
0.8967297077178955
0.781346321105957
0.7609882950782776
0.799005925655365
0.7775457501411438
0.7418040037155151
1.2978754043579102
0.6719815731048584
0.8849247097969055
0.7543931603431702
1.0976053476333618
0.7214922904968262
0.8530566096305847
0.8350991010665894
1.0609468221664429
0.8454853892326355
0.8355289101600647
0.856030285358429
0.8156266808509827
0.820617139339447
1.1462063789367676
0.9457589387893677
0.8150633573532104
0.6799465417861938
0.7668831944465637
0.8073628544807434
0.8084716796875
0.9105701446533203
1.0241334438323975
0.81977778673172
0.8754234313964844
0.8317583203315735
0.7548854947090149
0.9299896955490112
0.7406550645828247
0.8214362263679504
0.8897002339363098
0.7637828588485718
0.854396641254425
0.8366864323616028
1.0088703632354736
0.766613245010376
0.8395718932151794
1.0908170938491821
0.780620813369751
0.8240889310836792
0.7979951500892639
0.7682297825813293
0.8565969467163086
0.8812721371650696
1.2470283508300781
0.7127949595451355
0.8300131559371948
0.7338598966598511
0.8275120258331299
0.7737598419189453
1.0808740854263306
0.8345118761062622
0.8994155526161194
0.8531244993209839
0.9565452933311462
0.9490041732788086
0.8967053294181824
0.7552439570426941
0.8619382977485657
0.8094109296798706
0.6796563267707825
0.7449818253517151
0.7127114534378052
0.8589977025985718
0.8157119750976562
0.699427604675293
0.7318416237831116
0.7246056795120239
0.7062034010887146
0.9039592742919922
0.8651785254478455
0.8066786527633667
0.7817751169204712
0.789752721786499
1.0374889373779297
0.959650456905365
0.7561036348342896
0.8783658146858215
0.9366847276687622
0.96953284740448
0.7778891324996948
0.9637441635131836
1.029825210571289
0.7534781098365784
0.8816062211990356
0.925536036491394
0.7124649882316589
0.8228135108947754
0.7643020153045654
0.7959631085395813
0.8846080303192139
0.8543378710746765
0.8226571679115295
0.892440140247345
0.7938851118087769
0.7750322818756104
1.0060969591140747
0.9480876922607422
1.3691052198410034
0.834598958492279
1.0649185180664062
0.7526963949203491
0.8874033093452454
0.7906482815742493
0.7284004092216492
0.8759505152702332
0.9287731647491455
0.7187227606773376
0.8776025772094727
1.0277884006500244
0.7570522427558899
0.8172731995582581
0.7365673184394836
0.7354543805122375
0.7748988270759583
0.7123963832855225
0.8777679204940796
0.7360690236091614
1.4197171926498413
0.7145252823829651
0.9439790844917297
0.91802978515625
1.1965450048446655
0.7090933918952942
0.83082515001297
0.8271466493606567
0.7794310450553894
0.8519207239151001
0.9381332397460938
0.9644737243652344
0.7737706303596497
0.7859107851982117
1.013205647468567
0.9400779008865356
0.7968093156814575
0.9527819156646729
0.7361647486686707
0.7072346806526184
0.7432408928871155
0.7981662750244141
1.1015264987945557
0.7957289814949036
1.4547450542449951
1.0586000680923462
0.9701272249221802
0.7270570993423462
0.9449787139892578
0.8566063642501831
0.7508648633956909
0.752920389175415
0.9917967915534973
0.8726633191108704
0.7968940734863281
0.713905930519104
0.7843369841575623
1.0394142866134644
0.8362696766853333
0.7348640561103821
0.8872553110122681
0.8644350171089172
1.3127447366714478
0.8084259033203125
0.9167855381965637
0.7247081398963928
0.8941448330879211
0.8127453327178955
0.7846529483795166
0.8987663388252258
0.8467807769775391
0.845684826374054
0.7081042528152466
0.7426226735115051
0.8046831488609314
0.6114658713340759
0.7584732174873352
0.9260711669921875
0.667028546333313
0.7784798741340637
0.7310218811035156
0.7920004725456238
1.085964322090149
0.7589747309684753
0.7428370118141174
0.9020709991455078
0.7626472115516663
0.7401657104492188
0.7262293696403503
0.9212315082550049
0.8062432408332825
0.8973673582077026
0.8213499188423157
0.7685791850090027
0.8890979886054993
0.7710334062576294
0.7980018258094788
0.8096122741699219
0.7417607307434082
