0.7888661026954651
0.818422794342041
0.7643844485282898
0.8130273222923279
0.7714303135871887
0.7385589480400085
0.7887340188026428
0.7219361662864685
0.9996065497398376
0.8053146600723267
0.74346923828125
0.7333676815032959
0.7449809908866882
0.7313574552536011
0.8415453433990479
0.7900733351707458
0.7384287118911743
0.7416154742240906
1.5638080835342407
0.7434055805206299
0.7605321407318115
0.7246924042701721
0.754441499710083
0.778168261051178
0.7405871152877808
0.753877580165863
0.7836945652961731
0.7983152270317078
0.7751261591911316
1.4939141273498535
0.7436484098434448
0.7441368103027344
0.7899197340011597
0.7294894456863403
0.7707625031471252
1.6299052238464355
0.7272835969924927
0.7930063009262085
0.711920440196991
1.081344723701477
1.2585115432739258
0.7100878953933716
0.9930899143218994
1.6092802286148071
0.7272451519966125
1.4533549547195435
0.7022519707679749
1.4839403629302979
0.7520427107810974
0.7287557125091553
0.6954336762428284
1.5321425199508667
0.6914190053939819
0.7363635897636414
0.7139071822166443
0.7171714305877686
1.3321712017059326
0.7080504894256592
0.6932914853096008
0.738236665725708
0.7171362638473511
1.1580126285552979
0.7639184594154358
0.7370760440826416
0.680773913860321
0.7251622676849365
0.7232170104980469
0.6763224005699158
0.6835792064666748
0.7272683382034302
0.7127334475517273
0.7083874344825745
0.7608858346939087
0.6723660826683044
0.7132481336593628
1.376691460609436
0.7130107283592224
0.691413164138794
0.8270251154899597
0.6839218139648438
0.6772688627243042
0.7419096231460571
0.7165272831916809
0.7009298801422119
0.7193042039871216
0.7284652590751648
0.6719957590103149
0.7059565782546997
0.7268446683883667
0.6989556550979614
0.7058438062667847
0.6938048005104065
0.6812381148338318
0.687455415725708
0.7361748814582825
0.6873345375061035
0.6885432600975037
0.7197635173797607
0.7365580797195435
0.6718235015869141
0.6980693936347961
0.7117556929588318
0.6827394962310791
0.6786590814590454
0.7123233079910278
0.71113520860672
0.6396005153656006
0.7017339468002319
0.681201159954071
0.6617386937141418
0.6986004114151001
0.7060785889625549
0.6806654930114746
0.7495569586753845
0.7027814388275146
0.6939311027526855
0.6424968242645264
0.9061720371246338
1.4695465564727783
0.6780067682266235
0.7094660997390747
0.6730179786682129
0.666021466255188
0.7466844320297241
0.6872662305831909
0.7108293771743774
0.6761775016784668
1.6324692964553833
0.6671314835548401
0.7378813624382019
0.7274878025054932
0.6724798083305359
1.0418251752853394
0.6561324000358582
0.6986575126647949
1.611007809638977
0.6784470677375793
1.2374603748321533
0.6839163899421692
0.6903833746910095
0.7345763444900513
0.6558568477630615
1.468533992767334
0.6928348541259766
0.7026355266571045
0.7258908748626709
0.698408842086792
0.6849002838134766
1.1320651769638062
0.6368070244789124
0.6918870210647583
0.6841220259666443
1.522951364517212
0.6969834566116333
0.6884440183639526
0.6938405632972717
0.7022908926010132
0.685440182685852
0.7054780125617981
0.6911285519599915
0.7038648724555969
0.7088490724563599
0.7940385937690735
0.722628116607666
0.9585287570953369
0.6950973868370056
0.6831884980201721
0.7371406555175781
0.7044030427932739
0.7658026814460754
0.6693257689476013
0.7236584424972534
0.7722916603088379
0.677032470703125
0.7115057110786438
0.6647982001304626
0.7080435156822205
0.7668326497077942
0.6774379014968872
0.7019766569137573
1.43124258518219
0.6738670468330383
0.7402775883674622
1.8038221597671509
0.7268427610397339
0.7020502686500549
0.7280502915382385
0.6870348453521729
0.6984980702400208
0.7290454506874084
0.6890790462493896
0.6756360530853271
0.6588515043258667
0.6912466287612915
0.7002832889556885
0.6983867883682251
1.2232097387313843
0.6675273180007935
0.646931529045105
1.5598585605621338
0.6546770930290222
0.6740823984146118
0.6755223870277405
0.7552667856216431
0.6661692261695862
0.6740421652793884
0.6722471714019775
0.7388271689414978
0.6850170493125916
0.658539354801178
0.6898398399353027
0.7683819532394409
0.6917689442634583
0.7494217157363892
0.6751613020896912
0.6895525455474854
0.6579931974411011
0.824110209941864
0.6373028755187988
0.7448076009750366
0.6769880056381226
0.6700509786605835
0.6473383903503418
0.6775875091552734
1.2409425973892212
1.3144110441207886
0.6521846055984497
0.7051251530647278
1.3819270133972168
0.7656630873680115
0.6928606629371643
0.7153645753860474
0.6696978807449341
0.6897633075714111
0.6699427366256714
0.6908095479011536
0.6772698760032654
0.6963787078857422
0.7015328407287598
0.6620352268218994
0.7076471447944641
2.166952610015869
0.6836248636245728
0.6910102367401123
0.6675630211830139
0.7930842638015747
0.6897386908531189
0.6351098418235779
0.6632304787635803
0.689116895198822
0.6739393472671509
0.6567593216896057
0.7199100852012634
0.6667037606239319
0.6624953746795654
0.6398981213569641
0.6803835034370422
0.7329608798027039
0.6668575406074524
0.6514299511909485
1.4766353368759155
0.7599440217018127
0.6612114310264587
0.6978502869606018
0.6887126564979553
0.725633442401886
0.7278565764427185
0.7315691113471985
1.1743876934051514
0.7380786538124084
0.949955403804779
0.7062652707099915
0.6639025211334229
0.6985582113265991
1.3267853260040283
0.6696435809135437
0.9049414992332458
0.7266151309013367
0.6527543663978577
0.7674848437309265
0.7288172245025635
0.6626888513565063
1.3649083375930786
1.1419427394866943
0.6901414394378662
1.2248455286026
1.3962023258209229
0.6909201741218567
0.67302405834198
0.6916640400886536
0.654427707195282
0.6676902770996094
0.7031905055046082
0.8223621249198914
0.8487902879714966
0.7116207480430603
0.6758742332458496
0.6986084580421448
0.6771221160888672
0.680441677570343
1.8847514390945435
0.6520455479621887
0.6803313493728638
0.6631327867507935
0.6782635450363159
0.6796607375144958
0.6886037588119507
0.9057640433311462
1.1504756212234497
0.6878302693367004
0.6712713837623596
0.6385242938995361
0.6368417143821716
0.6797667145729065
0.6748407483100891
0.673933207988739
0.6725194454193115
0.6756047010421753
0.882240891456604
0.6802754998207092
0.7338010668754578
0.6711044907569885
0.7124181389808655
0.6826274394989014
0.6554160118103027
0.7105312943458557
0.7100364565849304
0.6895003318786621
0.7031992673873901
0.6966030597686768
0.7031897306442261
0.6739226579666138
0.7052725553512573
0.6644482016563416
0.6949816942214966
0.6628226041793823
0.6901290416717529
0.6775907278060913
0.6553220152854919
0.6555709838867188
1.5831090211868286
0.6403096318244934
0.8248647451400757
0.6715735197067261
0.6960620880126953
0.6797661185264587
0.6732668876647949
0.6423678994178772
0.7324581742286682
0.7212964296340942
0.7218600511550903
0.7115663886070251
0.6626954078674316
0.7010931968688965
0.6920255422592163
0.6113194227218628
0.7974202632904053
0.6645957231521606
0.6881265044212341
0.9704278111457825
0.647602379322052
0.6456764340400696
0.7494639158248901
0.6550791263580322
0.6714479923248291
0.6445654630661011
0.6487441658973694
0.6411125063896179
0.7049848437309265
0.6291897296905518
0.674831211566925
0.7243950963020325
0.6480022072792053
0.6309530138969421
0.6823145151138306
0.7013102769851685
0.678877592086792
0.6598312258720398
0.6600481271743774
0.6641255021095276
0.6170775294303894
0.6935115456581116
0.6435374617576599
0.6851456165313721
0.6918184757232666
0.6297865509986877
0.6445729732513428
0.6899330019950867
0.6550956964492798
0.7076847553253174
0.7036400437355042
0.7970905900001526
0.8714633584022522
0.9564270973205566
0.6689642667770386
0.6523967385292053
0.6908084154129028
0.648769199848175
0.6609692573547363
0.6847469210624695
0.6200186014175415
0.6636689305305481
0.7248145937919617
0.7101283669471741
0.6506549715995789
0.6386979222297668
1.469293236732483
0.6137763857841492
0.7031520009040833
0.7286050915718079
0.6528316140174866
1.9156585931777954
0.6832017302513123
0.6652171611785889
0.7262404561042786
0.6752158999443054
0.6518940329551697
0.7022377252578735
0.6659623384475708
0.6977583765983582
0.6842060089111328
0.6449176073074341
0.6617435812950134
0.626509964466095
0.6557540893554688
0.6520872712135315
0.659504771232605
1.0661433935165405
0.6429324150085449
0.6438154578208923
0.7978039383888245
0.6998099684715271
0.7855784296989441
0.6383634209632874
0.7195509672164917
0.691778838634491
0.6797563433647156
0.6394583582878113
0.645492434501648
0.831418514251709
1.622139811515808
0.6471867561340332
0.6617034077644348
0.7534261345863342
0.8758473992347717
0.889985978603363
0.6970511078834534
0.6550866961479187
1.3275517225265503
0.6825295686721802
0.6829891204833984
0.6891745328903198
0.9089940190315247
0.6669847965240479
0.6906082034111023
0.6887590289115906
0.7454672455787659
0.6893400549888611
0.6856798529624939
0.8325042724609375
0.6865032911300659
0.646467924118042
0.682672381401062
0.9356315732002258
0.8966739177703857
0.7006015181541443
0.7436606287956238
0.6692506074905396
0.6635456681251526
0.6822737455368042
0.6436845660209656
1.5279537439346313
0.7349663972854614
0.6822811365127563
0.6614170074462891
0.6854968667030334
0.6994027495384216
0.6923300623893738
1.287226915359497
0.6746441125869751
0.6856139302253723
0.7244501709938049
0.6803784966468811
0.7491837739944458
0.753401517868042
0.7215791940689087
1.4213780164718628
1.588679313659668
0.7437604665756226
0.668271005153656
0.6913107633590698
0.6682192087173462
0.6796478629112244
0.6561223864555359
0.6942052245140076
0.6697293519973755
0.6586480140686035
0.7206538319587708
1.2796592712402344
0.6580485701560974
0.6625667214393616
0.6842344999313354
0.6403404474258423
0.6536024808883667
0.6739662289619446
0.6311371922492981
1.1280802488327026
1.1400610208511353
0.7969817519187927
0.7677041888237
0.6986404657363892
0.6572877168655396
0.6921192407608032
0.6838472485542297
0.6523348093032837
0.6839683651924133
0.6664570569992065
1.5163332223892212
0.7886112928390503
0.6744223237037659
0.6656167507171631
0.669346272945404
0.6673652529716492
0.690835177898407
0.6873083710670471
0.6460674405097961
0.6552814841270447
1.2805112600326538
0.63736891746521
0.7016068696975708
0.678894579410553
0.6847964525222778
0.6840692162513733
1.3341395854949951
0.6806474924087524
0.6726486086845398
0.7070408463478088
0.7043706774711609
0.7375466823577881
0.6970081925392151
0.9876975417137146
0.663381040096283
1.0273534059524536
1.0157885551452637
0.6509131789207458
0.7144095301628113
0.6619496941566467
1.4186893701553345
1.1851449012756348
0.6884426474571228
0.7248306274414062
0.6936988830566406
0.7063590288162231
0.6829930543899536
0.6700640916824341
0.7001615166664124
1.3943655490875244
0.6748585104942322
0.6628749966621399
0.67628413438797
0.6789343357086182
0.6689887642860413
0.6775951981544495
0.6907595992088318
0.6440352201461792
0.6637411713600159
0.7096644639968872
0.6831799149513245
0.6888511180877686
0.731277585029602
0.6472173929214478
0.7178604006767273
0.7003267407417297
0.8722501397132874
0.737389862537384
0.6681365966796875
0.6781776547431946
0.7139784097671509
0.6989300847053528
0.6533178091049194
0.6754523515701294
0.6744182109832764
1.394867181777954
0.6796669960021973
0.6720942258834839
0.7069187760353088
0.6623135209083557
0.6387423276901245
0.7001739144325256
1.686830759048462
0.6692436337471008
0.6756325960159302
0.6581974625587463
1.4702438116073608
0.6732924580574036
1.897810697555542
0.6478482484817505
0.6852736473083496
0.6489962935447693
0.8073738217353821
0.6717039346694946
0.7017746567726135
0.6880221962928772
0.9474635720252991
0.7993730902671814
0.6813981533050537
0.6483656764030457
1.425266146659851
0.7055627107620239
0.6636673212051392
0.6913496851921082
0.6804954409599304
0.6533490419387817
0.6537104845046997
0.6975944638252258
0.6716442704200745
0.661116898059845
0.7901403903961182
0.7174606323242188
0.6873927712440491
0.6765586733818054
0.6939316987991333
0.6609795689582825
1.2426186800003052
0.6830390095710754
0.655427873134613
0.6527776122093201
0.6755839586257935
0.6754034757614136
0.6561575531959534
0.6648417711257935
0.6630016565322876
0.6969481110572815
0.6281139850616455
0.6620008945465088
0.6749299168586731
0.6337978839874268
0.6350404024124146
0.6544480919837952
0.6766122579574585
0.7195039391517639
1.4470936059951782
0.6822013854980469
0.9106509685516357
0.6518607139587402
0.6630164980888367
0.6610730886459351
0.6224356293678284
0.6520048975944519
0.7976409196853638
0.687207818031311
0.6525296568870544
0.7115094661712646
0.736709475517273
1.1105738878250122
0.6868312358856201
0.676983118057251
0.6558356285095215
0.7759361267089844
0.743687093257904
0.6649463176727295
0.6458825469017029
0.6454137563705444
0.6520158052444458
0.6353359818458557
1.3764501810073853
1.5825163125991821
0.6619815826416016
0.6460490226745605
0.6779817342758179
0.6880722045898438
0.7949150800704956
0.6988823413848877
0.692106306552887
0.7177700996398926
0.6670425534248352
0.7134131193161011
0.6748788356781006
0.6821832060813904
0.7123029232025146
0.6857408881187439
1.4751914739608765
0.6461116075515747
0.6755642890930176
1.278616189956665
0.655947208404541
0.6905941367149353
0.8065387010574341
0.7403480410575867
0.7003191113471985
0.6866999864578247
0.6876149773597717
0.6477996706962585
0.6785387396812439
0.9880946278572083
0.7217890024185181
0.6447507739067078
0.6901673674583435
1.438598871231079
0.6962770223617554
0.6612103581428528
0.7914493083953857
0.7091678977012634
0.671044111251831
0.6684008836746216
0.6983238458633423
0.681595504283905
0.6596658825874329
0.6433931589126587
0.6701032519340515
0.6315885186195374
0.729475200176239
0.6772692203521729
0.6837260723114014
0.6312881708145142
0.6464594006538391
0.6834378242492676
0.6783192157745361
0.7071264982223511
0.6501351594924927
0.662529468536377
0.6785585880279541
0.6307469010353088
0.670299768447876
0.6665831208229065
0.6365028619766235
0.6492863297462463
0.645854115486145
1.2096741199493408
0.6646093130111694
0.7638750672340393
0.6859145760536194
0.6528404951095581
0.6539364457130432
0.6484540104866028
0.6770182847976685
0.6465614438056946
0.8546054363250732
0.6310833692550659
0.6757616400718689
0.726806104183197
0.6839441061019897
0.6820200681686401
0.6572195291519165
0.6742607355117798
0.7079450488090515
0.6726850271224976
0.6421629786491394
0.6601036190986633
0.6874983310699463
0.6765830516815186
0.6734528541564941
0.6741091012954712
1.0876485109329224
0.6887651681900024
0.7107310891151428
0.7146990895271301
0.6459453105926514
0.6573670506477356
1.6287381649017334
0.6268990635871887
0.6487283110618591
0.6588137149810791
0.6632077693939209
0.7121352553367615
0.6793665289878845
0.7272036075592041
0.659151017665863
0.6581103801727295
0.8622402548789978
0.6808164715766907
0.657210111618042
0.6418977975845337
0.6621026396751404
0.7001580595970154
1.2608684301376343
1.0764719247817993
0.6793693900108337
0.6931043863296509
0.7165560126304626
0.6907724738121033
0.681226372718811
0.6577557921409607
0.6582972407341003
1.2983546257019043
0.6617592573165894
1.3465157747268677
0.6884071826934814
0.7199872732162476
0.6490970253944397
0.6377054452896118
0.6764469742774963
0.6693531274795532
0.6972611546516418
0.746767520904541
0.6676687002182007
0.6437791585922241
0.6452566385269165
0.6897208094596863
0.7317323088645935
0.6687717437744141
0.6688193082809448
0.6872768998146057
0.7241776585578918
0.6795194149017334
0.6487858295440674
0.6941874027252197
0.6818915009498596
0.6543365716934204
0.7179920673370361
0.6276663541793823
0.6784887909889221
0.6803334355354309
0.6666913628578186
0.6438791155815125
0.7185706496238708
0.6775391101837158
0.6722458004951477
0.657706081867218
0.7095135450363159
0.6432585716247559
0.6231014728546143
0.6751363277435303
0.686190664768219
0.6807200908660889
0.8906663060188293
0.6557193994522095
0.6925434470176697
0.6670476198196411
0.6315293312072754
1.4222712516784668
0.6451491117477417
0.6275911927223206
0.6807559132575989
1.2733757495880127
1.2113760709762573
0.6688840985298157
0.7352784276008606
1.3186239004135132
0.6507881283760071
0.6574327945709229
0.6703962087631226
1.7373075485229492
0.6718946695327759
0.640853226184845
0.6324589252471924
0.6527435183525085
0.7104986906051636
1.4472309350967407
0.6892040371894836
0.7295845746994019
0.6603990793228149
0.654191255569458
0.6265203952789307
0.748902440071106
0.7370992302894592
0.652874767780304
1.549080729484558
1.489970326423645
0.6839498281478882
0.6805915832519531
0.7139475345611572
0.703046977519989
0.690274715423584
0.65290367603302
1.0143003463745117
0.6534149050712585
0.7653454542160034
0.6507987976074219
0.6791742444038391
0.6940714120864868
0.714180052280426
0.717896580696106
0.6450310945510864
0.7330051064491272
0.6935840249061584
0.6441441178321838
0.6710021495819092
0.6371353268623352
0.7416144013404846
0.9528395533561707
0.7420893907546997
1.6701433658599854
0.7107160687446594
0.6735367178916931
0.6856083869934082
0.6947932839393616
0.7126747369766235
0.6942342519760132
1.400846004486084
1.5215801000595093
0.8710141777992249
0.7099851965904236
0.6967393159866333
0.6809467673301697
0.6536917090415955
0.6908595561981201
0.6936365962028503
0.7602716088294983
0.6649065613746643
0.6234986782073975
0.6526892781257629
0.6713458299636841
0.7984901666641235
0.6425248980522156
0.6821223497390747
0.656624972820282
0.6425688862800598
0.709745466709137
0.6629335284233093
0.6756013631820679
0.6882535219192505
0.6739409565925598
0.6260687708854675
0.684119701385498
0.6416087746620178
0.7092199921607971
0.7484045624732971
0.6395264267921448
0.7116833925247192
0.6339536309242249
0.7218288779258728
0.6630050539970398
0.7049739360809326
0.696548581123352
0.6818824410438538
1.4663939476013184
0.6676158308982849
0.6928786039352417
0.7311387062072754
0.6722468733787537
1.2825733423233032
0.8867393732070923
0.6466402411460876
0.6510708928108215
0.6770302057266235
1.0189341306686401
0.6564581990242004
1.1465269327163696
0.6484838724136353
1.6577495336532593
0.6732655167579651
0.6696758270263672
0.6909916400909424
0.7650847434997559
1.2669930458068848
0.6508318185806274
0.6705588102340698
0.6782322525978088
0.6965054273605347
0.6856696009635925
0.7168744802474976
0.6479138135910034
0.6580514311790466
0.6424015164375305
0.9936394095420837
0.7409419417381287
0.6674301028251648
0.647235631942749
0.6283789277076721
0.6917896866798401
0.7212097644805908
0.6587783694267273
1.2294222116470337
0.637470006942749
0.7614923715591431
1.3929839134216309
0.6860727071762085
0.6369093656539917
0.6886369585990906
0.6655672192573547
0.639631450176239
0.6415495872497559
0.6712208390235901
0.653899073600769
0.660302996635437
0.6743789911270142
0.6783505082130432
0.7340677380561829
0.70072340965271
0.8742541670799255
0.6444224715232849
0.6839542984962463
0.6713421940803528
0.6328933238983154
0.7011898756027222
0.6420217156410217
0.6582394242286682
0.658677339553833
0.659921407699585
0.6800649166107178
0.6468784809112549
0.640573263168335
1.6743837594985962
0.6263269782066345
0.6455619931221008
0.6702800989151001
0.8071863651275635
1.3415961265563965
0.7093756794929504
0.6726513504981995
0.6772748827934265
0.6716665029525757
0.6393476724624634
0.6897000074386597
0.6840837597846985
0.6931127905845642
1.1957528591156006
0.732696533203125
0.7166447043418884
0.7084681391716003
0.6899825930595398
0.693938136100769
0.6472601890563965
0.6585639119148254
0.6958436369895935
0.7537736296653748
1.6029791831970215
0.6966191530227661
0.6581594347953796
1.2082982063293457
0.6546877026557922
0.6560257077217102
0.7910366654396057
0.6746509671211243
0.7261873483657837
0.6873438358306885
0.679889440536499
0.7042189836502075
0.6947261691093445
0.6484211683273315
0.6514329314231873
0.6684621572494507
0.692876935005188
0.7000069618225098
0.6613513827323914
0.632788896560669
0.6994977593421936
0.658186137676239
0.6743953824043274
0.7197005152702332
0.6303801536560059
0.6637890338897705
0.660245418548584
0.7931227684020996
0.6258226037025452
0.6490301489830017
0.628068208694458
0.6650322079658508
1.1538840532302856
0.6649062633514404
0.7179139852523804
0.707901120185852
0.6708422303199768
0.6237201690673828
0.7059957385063171
0.6854000687599182
0.8589051365852356
0.677415668964386
1.0985201597213745
0.6742921471595764
0.6716923117637634
0.650095522403717
0.684619665145874
0.7532587647438049
0.6754339933395386
0.6834469437599182
0.7001999020576477
0.6417490243911743
0.6484630107879639
1.5149062871932983
0.7598482370376587
0.6713141202926636
0.6978716254234314
0.6639405488967896
0.7118538022041321
0.7003998756408691
1.441493272781372
0.6856856346130371
0.6519860625267029
0.6735404133796692
0.6716729402542114
0.759310245513916
0.6618891954421997
0.7847320437431335
0.6883846521377563
0.6592743396759033
0.7069360613822937
0.6560583710670471
0.6744500398635864
0.6778414249420166
0.6653043031692505
0.6747399568557739
0.6849174499511719
1.740783929824829
0.7337413430213928
0.669863760471344
0.6658413410186768
0.7030375599861145
0.8041855096817017
0.7004314064979553
0.7301663160324097
0.7382774949073792
0.6412463784217834
0.7029544115066528
0.7100734114646912
0.6959302425384521
0.9082725644111633
0.7646496295928955
0.6679947376251221
0.6565297842025757
0.7219918370246887
0.652940571308136
0.697934091091156
0.6565520763397217
0.6704958081245422
0.672290027141571
0.6562273502349854
0.6528716087341309
1.3033462762832642
0.6595832705497742
0.660122811794281
0.6740648746490479
0.6558204293251038
1.0060036182403564
0.6600615382194519
0.7004038691520691
0.6523206830024719
0.7092699408531189
0.6676514148712158
1.0563979148864746
0.6393333673477173
0.690949022769928
0.655616283416748
0.648878276348114
0.7153005003929138
1.124328374862671
0.6633487939834595
0.7535095810890198
0.712863028049469
1.44362473487854
0.6625561118125916
0.666759729385376
0.6560580730438232
0.6884942650794983
0.6859683394432068
0.9814911484718323
1.6410728693008423
0.7005741596221924
0.6577945351600647
0.7011494636535645
2.1231441497802734
0.6487964987754822
1.4773008823394775
0.65094393491745
0.6533411145210266
0.6836601495742798
0.693632960319519
0.6549569368362427
0.6919975280761719
0.7311750054359436
0.682580828666687
0.6189070343971252
1.4256317615509033
0.692655086517334
0.6727747321128845
0.6574473977088928
1.3496220111846924
1.1957453489303589
1.3100991249084473
0.6571033596992493
0.6834037899971008
0.6634100079536438
0.7192239165306091
1.202065110206604
0.6815748810768127
0.6769250631332397
0.6802934408187866
0.6327014565467834
1.060628056526184
0.699752926826477
0.6574927568435669
0.6874246001243591
0.6868178844451904
0.7840645909309387
0.6928016543388367
1.1796224117279053
0.7240037322044373
0.7038791179656982
1.0614101886749268
0.654396116733551
0.6713632941246033
0.6605877876281738
1.072797179222107
0.6975246071815491
1.0820297002792358
1.4561454057693481
0.6830636262893677
0.6416357755661011
0.6545758247375488
0.6710332632064819
0.6781882047653198
0.6950036287307739
0.7105030417442322
0.68912672996521
0.6605557203292847
0.7218567132949829
0.6743624210357666
0.640227735042572
0.6467559933662415
0.6727067232131958
0.6672153472900391
0.6741551160812378
1.1785494089126587
1.2274513244628906
0.6516079902648926
0.6819729208946228
0.6628909707069397
1.1251096725463867
0.7195183038711548
0.6963216662406921
0.6910316944122314
0.6428969502449036
0.6869773864746094
1.5502521991729736
0.98659747838974
0.6656466722488403
0.6298053860664368
1.3274089097976685
0.7364819645881653
1.535722017288208
0.700607419013977
1.0995302200317383
0.6514515280723572
0.6441677808761597
0.7728832364082336
0.6959779858589172
0.706526517868042
0.7103059887886047
0.7161580920219421
0.7883532643318176
0.6688503623008728
0.6689592003822327
0.7928340435028076
0.6680333614349365
0.6411219835281372
0.649615466594696
0.7930057048797607
0.6851364374160767
0.6592170596122742
0.6622670888900757
0.657002866268158
0.8452097177505493
0.65549635887146
0.6550672650337219
0.6678303480148315
0.6924218535423279
0.6832928657531738
1.0595234632492065
0.6344342231750488
0.6686874628067017
0.7303274869918823
0.6407471895217896
0.6448842883110046
0.6864818930625916
0.8593662977218628
1.6782002449035645
0.6551337242126465
0.6477406024932861
1.4897114038467407
1.0579839944839478
0.6831638813018799
0.6971582770347595
0.687190592288971
0.7466104626655579
0.664474606513977
0.9492958188056946
0.6410292983055115
0.6558119654655457
0.6710743308067322
1.30701744556427
0.676472008228302
0.6565923094749451
0.6657515168190002
0.6513051390647888
0.6672694087028503
0.669201672077179
0.634692370891571
0.6933850646018982
0.6603726148605347
0.6548982858657837
0.6783110499382019
0.7058940529823303
0.6828926205635071
0.7113168835639954
0.6927077770233154
0.6970809102058411
0.6491153836250305
0.661037027835846
0.6575050950050354
1.0712902545928955
0.6759728193283081
0.6493685245513916
0.7230854630470276
0.670807957649231
1.1883682012557983
0.6809405088424683
0.6800294518470764
0.8553157448768616
0.6816042065620422
0.6842879056930542
0.6804819703102112
0.638367772102356
1.3856855630874634
0.661708652973175
0.6275770664215088
0.658797025680542
0.7401699423789978
1.4765464067459106
0.7022460103034973
0.64320307970047
0.6517975926399231
0.6800932884216309
0.6407402157783508
0.640239953994751
0.6410589814186096
0.6800492405891418
0.6623570919036865
0.7404962778091431
0.6442319750785828
1.640687346458435
0.6234124898910522
0.6608225107192993
0.6670752167701721
1.344419240951538
0.6639623045921326
0.6744554042816162
0.6649913787841797
0.6524090766906738
0.6786830425262451
0.6518433690071106
0.6750666499137878
0.6431916356086731
0.6519589424133301
0.6595043540000916
0.6392697095870972
0.6884507536888123
0.6573886275291443
1.424256682395935
0.6718624830245972
0.6556413769721985
0.6270609498023987
0.6981659531593323
0.7058164477348328
1.0530833005905151
0.6631321310997009
0.6766734719276428
0.6983866095542908
0.9675636887550354
0.664429247379303
0.6481316685676575
0.6597537994384766
0.6561115384101868
0.6554468870162964
0.6800685524940491
0.6699784398078918
0.645374596118927
0.6779836416244507
0.6590447425842285
0.7186610102653503
0.6856260895729065
0.6525067687034607
0.6471173763275146
0.7269848585128784
1.506609559059143
0.6686133146286011
0.7345491647720337
0.6475210785865784
0.6683010458946228
0.6419249773025513
1.5481187105178833
1.3914839029312134
0.6790326237678528
0.6670737266540527
0.7973476052284241
0.764538586139679
0.6527525782585144
0.6467829346656799
0.8526701331138611
0.7561163306236267
0.7169950008392334
0.6919218301773071
1.2884601354599
0.6556118726730347
0.7160108089447021
0.6622152924537659
0.649809718132019
0.6576266884803772
0.6499617695808411
0.6607162952423096
0.6411812901496887
0.6640220284461975
0.683759331703186
0.6564262509346008
0.6661226749420166
0.7101262807846069
0.6464860439300537
0.6974912881851196
0.6462015509605408
0.7673717141151428
0.6502139568328857
0.6436895132064819
0.6815217137336731
0.6791878342628479
0.7469083070755005
0.7469565272331238
0.6523237824440002
0.7067928910255432
0.6673543453216553
0.6821020841598511
0.6313477754592896
0.6433283686637878
0.6837878823280334
0.7009655237197876
0.6910098195075989
0.6707000136375427
0.7077628374099731
1.589048147201538
0.704524576663971
0.6868959665298462
0.6703375577926636
0.6543151140213013
0.6725513935089111
0.8375113606452942
0.7794274687767029
0.655900776386261
0.6688600778579712
0.6537575721740723
0.6859230995178223
0.6644311547279358
0.6643781065940857
0.6933780312538147
0.6476010084152222
0.6284496784210205
0.6441547870635986
0.729922354221344
0.6335760354995728
0.6712820529937744
0.6656399965286255
0.6454155445098877
0.6983420848846436
0.6556912660598755
0.7073951959609985
0.719028890132904
0.6612931489944458
0.673760712146759
0.6323639154434204
0.6487765312194824
0.6930347084999084
0.7231342792510986
0.6219522356987
1.2816290855407715
0.672641396522522
0.6350855231285095
0.6412830948829651
0.6596329808235168
0.6997678279876709
0.6592355966567993
0.6406688094139099
0.648041307926178
0.7018807530403137
0.6606050133705139
0.6683788895606995
0.7148373126983643
0.9291675090789795
0.6664338111877441
0.6455286741256714
0.6307290196418762
0.7419517040252686
0.620313823223114
0.6250230073928833
0.6464473009109497
0.6321726441383362
0.6163418889045715
1.4233132600784302
0.6312906742095947
0.9943541288375854
0.7186213135719299
0.6668156385421753
0.6639343500137329
1.5828146934509277
0.6697872877120972
1.6576483249664307
0.6240228414535522
0.6539755463600159
0.6552693843841553
0.715732753276825
0.6725077033042908
0.654296875
0.656691312789917
0.6487667560577393
0.6620268821716309
0.6970078945159912
1.5034853219985962
0.6736343502998352
0.681489109992981
0.7071662545204163
0.6902110576629639
0.6580241322517395
0.699555516242981
0.9658591747283936
0.6518617868423462
0.6513406038284302
0.6236088275909424
1.0414457321166992
0.708860456943512
0.6925459504127502
0.6372551918029785
0.63088458776474
0.657547652721405
0.645200252532959
0.6778579950332642
0.6600061058998108
0.6391065120697021
0.6531614065170288
0.6683791279792786
0.7115486264228821
0.6472318172454834
0.6815657615661621
0.661503255367279
0.6843990683555603
0.6348523497581482
0.6389033794403076
0.631057858467102
0.6802990436553955
0.6771165132522583
0.6262581944465637
0.6461825370788574
1.5613813400268555
0.6294054985046387
1.5235595703125
0.7212522625923157
0.7035558223724365
0.6842517852783203
0.6994043588638306
0.6519644856452942
0.711974024772644
0.6698542833328247
0.6789098381996155
0.7631851434707642
0.6768363118171692
0.6523284912109375
0.6401500701904297
0.6943421363830566
0.6751143336296082
0.680291473865509
0.6653037071228027
0.6588895320892334
0.6717512011528015
0.6979014277458191
0.6775203943252563
0.6826117634773254
0.642336905002594
0.6597819924354553
0.6814174056053162
0.6723936796188354
0.632950484752655
