0.22794392704963684
0.610588014125824
0.9272511005401611
0.6179753541946411
0.8683614134788513
0.4962787628173828
0.8787471652030945
1.1805988550186157
0.9740371108055115
0.8143702745437622
1.119512915611267
1.225026249885559
0.958042323589325
1.4882780313491821
1.659824252128601
1.4583834409713745
2.0017459392547607
2.140413761138916
2.338373899459839
2.5474538803100586
2.3019227981567383
2.684131383895874
2.4062745571136475
1.3102816343307495
3.1055428981781006
2.312152147293091
2.315589666366577
1.7063519954681396
2.7388617992401123
1.9669626951217651
1.3969130516052246
2.665463447570801
2.8912723064422607
2.0237953662872314
2.947333335876465
2.1914284229278564
1.513310432434082
2.6389427185058594
3.1035633087158203
2.2376935482025146
1.9273629188537598
2.6115570068359375
2.5792555809020996
1.6299264430999756
2.2036473751068115
2.9795784950256348
1.5744177103042603
1.8992319107055664
2.6529526710510254
1.5509552955627441
1.9699913263320923
2.30879282951355
1.0957859754562378
2.550713300704956
3.000096321105957
4.398366451263428
3.0068142414093018
2.5559325218200684
1.7669386863708496
2.148526430130005
1.9301197528839111
0.8650341033935547
1.8636257648468018
1.3552807569503784
1.4296804666519165
3.763294219970703
2.1507840156555176
2.303107500076294
0.9707032442092896
1.2521312236785889
2.998929738998413
1.445548415184021
0.8629773855209351
2.1587016582489014
2.91264271736145
2.064182996749878
8.955304145812988
2.171217679977417
2.121593713760376
1.9659311771392822
2.8776016235351562
2.4614508152008057
1.4996531009674072
1.8282593488693237
1.5359526872634888
1.6076328754425049
1.5409482717514038
1.5102418661117554
1.7708004713058472
1.8950084447860718
1.8647639751434326
1.1806135177612305
1.976076602935791
2.519603729248047
1.9876517057418823
1.7969751358032227
1.765942931175232
2.5604872703552246
1.161422610282898
1.5209437608718872
1.4819655418395996
1.6622190475463867
1.3463199138641357
1.5009093284606934
1.24945068359375
1.4519431591033936
1.3891459703445435
2.1294033527374268
1.382000207901001
1.5638388395309448
1.9090648889541626
1.7404632568359375
1.9129724502563477
1.8312753438949585
1.9401459693908691
1.1801003217697144
1.5058934688568115
2.2301902770996094
1.049258828163147
0.8493630290031433
2.1916251182556152
1.1129566431045532
1.4610801935195923
1.6387487649917603
2.100421190261841
1.8677988052368164
2.0591135025024414
2.397749662399292
1.727053165435791
1.6413533687591553
0.7489273548126221
2.061232089996338
1.4569298028945923
1.7226518392562866
1.3616102933883667
1.1854339838027954
1.3057785034179688
0.49272334575653076
0.6315895318984985
1.1330540180206299
0.8793911933898926
1.335925817489624
2.238780975341797
1.8231265544891357
1.3948549032211304
1.6891603469848633
1.4063596725463867
1.2191340923309326
1.3176897764205933
1.8173789978027344
1.4590944051742554
1.521291971206665
0.9656293988227844
2.5452516078948975
0.8737321496009827
2.4838764667510986
1.5148693323135376
2.540454626083374
3.41835618019104
2.4419515132904053
0.9210298657417297
2.538034200668335
2.582314968109131
1.8191853761672974
2.2787997722625732
2.774885892868042
3.3666446208953857
2.1657357215881348
2.2153358459472656
1.710387945175171
1.5306025743484497
1.4302972555160522
1.658992886543274
2.920017957687378
2.541945219039917
1.4225660562515259
2.6846110820770264
2.392918586730957
3.057422637939453
2.862457513809204
3.0919928550720215
1.470173954963684
1.715522289276123
0.6889207363128662
0.5871113538742065
1.7208118438720703
0.4108952581882477
1.7440675497055054
1.2900947332382202
1.7960705757141113
2.2252461910247803
2.3505165576934814
1.705343246459961
2.0646421909332275
1.8210065364837646
1.5455044507980347
0.8750340342521667
1.1631970405578613
0.7687550783157349
1.9918869733810425
1.1415375471115112
0.4694986045360565
1.296905279159546
1.5735113620758057
1.0766276121139526
0.56318199634552
1.0245085954666138
1.7033344507217407
0.958943247795105
1.7685199975967407
1.5552603006362915
1.263964056968689
1.189797043800354
0.655198872089386
0.45126211643218994
1.375471591949463
1.0785086154937744
0.8232062458992004
1.1682504415512085
0.39934465289115906
0.9022393226623535
1.4265756607055664
1.297237753868103
1.2144279479980469
0.4675629436969757
1.3296842575073242
1.1206016540527344
0.8688396215438843
0.5594937205314636
0.9601501226425171
0.841063380241394
0.9169371724128723
0.8666257262229919
0.9024880528450012
1.0981202125549316
1.3470237255096436
1.29534912109375
1.0492360591888428
1.4291279315948486
1.307327151298523
1.2331446409225464
0.6154298782348633
1.0367854833602905
0.4252255856990814
1.0548526048660278
0.6310102939605713
2.085927963256836
1.0478365421295166
0.9484419226646423
1.2741224765777588
1.5936594009399414
1.0317766666412354
4.437381744384766
1.6669214963912964
0.6766530275344849
1.7405486106872559
1.1135752201080322
2.5188236236572266
2.5140597820281982
1.1883912086486816
1.3543943166732788
0.6775634288787842
1.375838279724121
1.294764757156372
1.9355432987213135
1.6367979049682617
1.245821237564087
2.465571403503418
2.0862979888916016
2.1809253692626953
2.8816187381744385
1.3712339401245117
0.5513644218444824
1.8570462465286255
1.5746269226074219
1.6131088733673096
0.3996722102165222
0.7491791248321533
1.3529859781265259
1.1202921867370605
1.1250189542770386
1.8889012336730957
1.3635797500610352
1.2930797338485718
1.4689759016036987
1.4133901596069336
1.4018266201019287
1.2057162523269653
0.5098137259483337
0.5913842916488647
1.7288470268249512
1.0019443035125732
1.4566816091537476
1.470058560371399
1.7673004865646362
2.151411771774292
1.374334454536438
0.7153787612915039
1.5615973472595215
1.3283973932266235
1.2541158199310303
1.4916067123413086
1.4428714513778687
1.0862380266189575
1.107984185218811
1.0113357305526733
1.0432778596878052
1.3664058446884155
0.7321588397026062
0.3754197061061859
0.7107868790626526
0.8520892858505249
0.605506420135498
0.8061121106147766
0.5639946460723877
1.1930949687957764
0.5465074777603149
0.3763613700866699
1.1091865301132202
0.8690968155860901
0.9530057311058044
0.4982265830039978
0.6265392899513245
1.5558182001113892
0.9335827827453613
0.637015163898468
1.4147815704345703
2.2251522541046143
1.4657313823699951
0.5066781044006348
0.8101686835289001
1.6197093725204468
1.0384910106658936
1.2802504301071167
0.9421167373657227
1.2029626369476318
1.5039889812469482
1.3336576223373413
1.4642996788024902
1.8260605335235596
1.2726229429244995
1.2574862241744995
0.9137923717498779
1.0816372632980347
0.7519643902778625
0.9046375751495361
1.2195147275924683
0.34434664249420166
1.1867482662200928
0.4995010495185852
1.0958298444747925
1.090615153312683
1.423370599746704
1.600062370300293
1.0877066850662231
1.6632115840911865
0.7772007584571838
1.1691553592681885
1.4199879169464111
0.7530651092529297
1.4875596761703491
1.3935952186584473
0.42330455780029297
1.396555781364441
1.3870774507522583
1.8205511569976807
0.39321690797805786
0.9631742835044861
0.836606502532959
0.4619566798210144
1.1117130517959595
0.930985689163208
0.43309730291366577
1.1907914876937866
1.1144081354141235
0.6747541427612305
1.0605918169021606
1.0660980939865112
0.9550614953041077
1.196846604347229
1.145676612854004
0.27722108364105225
0.3904972970485687
0.7623319029808044
0.5354409217834473
0.8801319599151611
0.3193070590496063
0.8084747791290283
1.1486650705337524
1.035112977027893
0.7874444127082825
1.418147087097168
1.3194544315338135
1.137656569480896
1.8520759344100952
2.0703635215759277
2.0682713985443115
0.9951788187026978
2.056973457336426
2.5551068782806396
1.2919176816940308
1.1558136940002441
0.5721817016601562
0.5068060755729675
2.0621325969696045
1.5762972831726074
1.4249695539474487
1.4590553045272827
1.0444402694702148
0.9517099857330322
0.46395671367645264
0.8088120818138123
0.3157261908054352
0.27134451270103455
0.8853614330291748
1.0689566135406494
0.9001827239990234
1.066033959388733
0.9437635540962219
1.17409348487854
0.8434354662895203
1.0461134910583496
0.5777232646942139
1.0775281190872192
1.1731599569320679
1.0001521110534668
0.3622780442237854
0.7945774793624878
1.45768141746521
0.9429038763046265
0.47128328680992126
0.7854983806610107
0.27494481205940247
0.6804912686347961
0.24539534747600555
0.8694215416908264
0.3983992338180542
0.6155211925506592
0.6356064081192017
0.7881390452384949
0.6209653615951538
0.6006608009338379
0.8191620707511902
0.8136257529258728
0.5591191649436951
1.3605802059173584
1.0166668891906738
1.3324006795883179
0.3474545180797577
0.45923689007759094
1.5336414575576782
0.8655309677124023
1.1885039806365967
0.6659642457962036
0.8730611205101013
0.6868630647659302
0.9970861673355103
1.2891979217529297
0.5665860176086426
0.5443357825279236
1.0597445964813232
1.5421931743621826
1.2720638513565063
0.6011579632759094
1.4302352666854858
0.9096066355705261
0.9289606213569641
0.3092363774776459
0.3599582612514496
1.7944297790527344
0.7673909068107605
1.8316236734390259
1.254059910774231
0.9732785820960999
1.7049310207366943
1.1066172122955322
0.823494017124176
1.0735913515090942
0.9852726459503174
1.620453953742981
0.5101256370544434
0.9502002596855164
0.48535871505737305
0.2904118299484253
0.7913763523101807
0.604447603225708
0.9739692807197571
0.6419174075126648
1.0225870609283447
0.6601425409317017
0.4453195631504059
0.7351097464561462
0.859447181224823
0.9196090698242188
0.8935168981552124
1.0974889993667603
0.6238300204277039
0.8619945645332336
1.7590160369873047
1.1877155303955078
0.7938647866249084
1.1822021007537842
0.7276771068572998
3.095041275024414
0.3809756636619568
0.6907563209533691
0.2830003499984741
0.35169506072998047
1.350355863571167
0.8243995308876038
0.21346025168895721
0.7867282032966614
0.7472919821739197
1.2164167165756226
1.0759402513504028
0.9003075361251831
1.2895199060440063
0.3494971692562103
1.274949550628662
1.2736451625823975
1.2072569131851196
0.45190683007240295
1.0995150804519653
1.208040475845337
1.2483729124069214
1.097477674484253
1.1797475814819336
0.9631786942481995
0.4010404944419861
0.4726017117500305
0.6985341310501099
0.49849647283554077
0.7573010921478271
0.6343738436698914
0.9145993590354919
0.6774898171424866
0.8692290782928467
0.8875920176506042
1.0200706720352173
0.9003441333770752
0.325072705745697
1.447282314300537
0.33303502202033997
0.5719792246818542
0.8668578863143921
0.5075963139533997
0.8017035126686096
1.1683499813079834
0.75474613904953
0.7289090156555176
0.4570311903953552
1.1163675785064697
0.6524010896682739
0.9741373658180237
1.2191213369369507
1.9350974559783936
0.9445136189460754
1.164555549621582
0.44486793875694275
0.6523638963699341
0.8665224313735962
0.7284408211708069
0.8273518085479736
0.7628911137580872
0.6777801513671875
1.0207140445709229
0.6747052073478699
0.7081787586212158
0.9532877206802368
1.378183126449585
0.913823127746582
0.895222008228302
1.1558841466903687
1.2195088863372803
1.6667113304138184
1.2220492362976074
1.4895427227020264
1.0761932134628296
1.073108434677124
1.3491976261138916
1.1333088874816895
1.3393659591674805
1.364499568939209
0.5229967832565308
1.6359403133392334
1.499180555343628
0.9125809073448181
0.3773118555545807
1.1627001762390137
2.950835704803467
0.7706997990608215
0.9024320244789124
1.1580432653427124
0.8587778210639954
0.6943292617797852
0.6539130210876465
0.6798145174980164
0.6264814734458923
0.7503435611724854
0.44596797227859497
0.9467588067054749
0.5569851398468018
0.4043762683868408
1.0759927034378052
0.38067710399627686
1.198759913444519
1.6872361898422241
0.2832523584365845
0.3221064507961273
0.9079629778862
0.7089617252349854
0.6537263989448547
0.3950382471084595
1.053084373474121
0.949129045009613
0.661285400390625
0.31387200951576233
0.940325140953064
0.8425055742263794
0.644170880317688
0.8099062442779541
0.22304652631282806
1.0877957344055176
1.1324129104614258
1.014947772026062
1.1220582723617554
1.0298179388046265
1.0922209024429321
1.3986765146255493
1.362161636352539
1.4363658428192139
1.1938611268997192
0.9862043261528015
1.221964716911316
1.4493048191070557
1.3117223978042603
2.5117387771606445
1.9434751272201538
0.6514716744422913
1.9574283361434937
1.9165369272232056
1.425641417503357
1.3872560262680054
1.1354925632476807
0.659557044506073
1.2495986223220825
1.2900381088256836
1.283676266670227
0.8378007411956787
1.2501094341278076
1.085270881652832
1.5135365724563599
0.6466068029403687
0.7620353102684021
0.7377386093139648
0.30835282802581787
0.8137037754058838
1.2914341688156128
0.5405914783477783
0.9581425786018372
1.038659691810608
0.8387792110443115
0.80084627866745
1.3022903203964233
0.7457453012466431
0.620029628276825
0.9646466374397278
0.5329027771949768
1.033773422241211
1.6216548681259155
0.9664740562438965
0.47759369015693665
1.5768799781799316
1.35881507396698
0.7003886103630066
0.8775854110717773
1.231335997581482
1.1946454048156738
0.4502409100532532
0.9896368384361267
1.5580081939697266
1.5654821395874023
0.37589117884635925
1.5200320482254028
0.4441252052783966
1.2584900856018066
0.8422676920890808
0.46558165550231934
0.538506805896759
1.2881169319152832
0.5090355277061462
0.4104476869106293
1.5622308254241943
1.0921051502227783
0.49844005703926086
0.8749930262565613
1.0994248390197754
0.5985714793205261
0.403640478849411
0.9309974908828735
1.0747638940811157
1.1075228452682495
0.5535298585891724
0.3547467589378357
0.40740135312080383
1.0784106254577637
0.36521854996681213
1.2840718030929565
1.0214980840682983
1.2895151376724243
1.0158121585845947
0.6028894186019897
0.8111233115196228
0.803600549697876
1.1826791763305664
0.39262130856513977
0.500135064125061
0.7551290988922119
1.396874189376831
1.0773667097091675
0.30016517639160156
0.3528037369251251
1.0284358263015747
0.8204525709152222
0.5160814523696899
0.8472252488136292
0.37014153599739075
0.4038369357585907
0.8918618559837341
0.9337412118911743
0.9329121708869934
0.9633444547653198
0.7016616463661194
1.517276644706726
0.9762365818023682
0.9311539530754089
0.6536540985107422
1.0655006170272827
0.8643376231193542
0.8063151240348816
1.1013410091400146
0.7483276724815369
0.3718285858631134
0.6711042523384094
1.1024681329727173
0.32875582575798035
1.0880802869796753
0.9421085119247437
1.1619923114776611
0.9043899178504944
1.294338583946228
0.9050300121307373
1.2431358098983765
0.863419771194458
1.464351773262024
1.1503697633743286
0.5429819226264954
0.43546009063720703
0.8824189901351929
1.0063445568084717
1.0809963941574097
1.1278162002563477
1.3211098909378052
1.129805564880371
1.0135226249694824
1.3161754608154297
1.0151957273483276
1.3079688549041748
0.8537176847457886
0.563534677028656
1.739225149154663
1.66301429271698
1.4610381126403809
0.5224527716636658
1.6283986568450928
0.9335638284683228
0.5153339505195618
1.0756219625473022
1.7699193954467773
2.0277132987976074
1.7917912006378174
1.4641904830932617
1.3748201131820679
1.2883362770080566
1.2267390489578247
1.8481215238571167
1.1525113582611084
1.1819255352020264
0.9864569902420044
1.077633261680603
1.3633933067321777
0.7030701637268066
1.0837935209274292
0.497869610786438
1.3109349012374878
1.0018752813339233
0.33185258507728577
0.550344705581665
0.7881438136100769
0.718264102935791
1.9575626850128174
0.7088345289230347
0.741756796836853
0.328257292509079
0.7522820234298706
1.1227431297302246
1.029195785522461
1.0675532817840576
1.1269755363464355
0.5690294504165649
1.010872721672058
0.7598696351051331
0.9756520986557007
0.6481590867042542
0.7731964588165283
1.1963428258895874
1.0085409879684448
0.7425181865692139
0.5902572274208069
1.044048547744751
0.4273500144481659
1.62502121925354
0.6426151990890503
0.32295820116996765
0.36609894037246704
0.535016655921936
0.9508980512619019
0.4359992742538452
0.9237443804740906
0.598520815372467
0.4938923418521881
0.48472610116004944
0.7752102613449097
0.7446045279502869
1.0067628622055054
0.8094990253448486
0.7957757115364075
0.8764251470565796
0.7431640625
0.22238506376743317
1.028470516204834
1.1935559511184692
0.6764224171638489
0.9613456726074219
0.7931743264198303
0.7282236218452454
1.3992716073989868
1.3731908798217773
0.9367988109588623
1.4893531799316406
1.168272614479065
1.057991862297058
0.8068001866340637
1.4313037395477295
0.40854892134666443
1.0391647815704346
2.0825772285461426
1.5553959608078003
0.754382848739624
1.4770185947418213
1.106399655342102
2.4111814498901367
0.9043282270431519
0.8476676344871521
1.2760885953903198
1.216870665550232
1.4248050451278687
1.0396573543548584
0.3498516380786896
0.935877799987793
0.9472793936729431
1.0162403583526611
0.9804380536079407
0.9543510675430298
0.8481720685958862
0.8429688811302185
0.6511083245277405
0.6557727456092834
0.9324062466621399
0.31957539916038513
0.8132526278495789
0.9592971801757812
0.9318097233772278
0.823848307132721
0.9191333651542664
0.719566822052002
0.5964635014533997
0.49106287956237793
0.9723311066627502
0.792076826095581
1.6038920879364014
1.3121508359909058
0.7993786931037903
0.795579731464386
0.3290335536003113
0.939662754535675
0.7505041360855103
0.9577130675315857
1.0881444215774536
0.6805298328399658
0.863750159740448
0.5084142684936523
0.7420729994773865
0.87738037109375
0.7134590744972229
0.7928752899169922
0.7646142840385437
0.6775724291801453
0.8233690857887268
0.5137989521026611
0.7206584811210632
0.33631592988967896
0.40474480390548706
0.6041250228881836
0.733460009098053
0.8627765774726868
0.7265461087226868
0.5560531616210938
0.8109455108642578
0.4965936541557312
0.6476010084152222
0.5234470367431641
0.7098759412765503
1.0456143617630005
0.8084214925765991
0.7785687446594238
0.5064961314201355
0.6623229384422302
0.6353057026863098
0.2824459969997406
0.766054093837738
0.5266246199607849
0.8424174785614014
0.4631898105144501
0.5776364803314209
0.5750263333320618
0.9976407289505005
0.3612210154533386
0.808917760848999
0.5080373883247375
0.6234304904937744
0.9099421501159668
0.8641039133071899
0.40926671028137207
0.6023513078689575
1.7932225465774536
0.8105345964431763
0.37578311562538147
0.8180373311042786
0.537708044052124
0.9066410660743713
0.7944358587265015
0.7080835103988647
0.5483768582344055
0.7888736128807068
0.46346408128738403
0.5965842008590698
0.4412318170070648
0.6248465776443481
0.6400088667869568
1.4815477132797241
0.2428300529718399
1.321826457977295
0.442460834980011
0.5411331057548523
0.4722146689891815
0.6628334522247314
3.183272123336792
0.674115777015686
0.5091994404792786
0.6273428797721863
0.7409026026725769
0.6719883680343628
1.3939496278762817
0.4789431393146515
0.2321009635925293
0.7951830625534058
0.3727937936782837
0.8795145153999329
0.7655854225158691
0.8307015895843506
0.7473065853118896
0.3740420341491699
0.3110229969024658
1.3583924770355225
0.21880796551704407
0.7207977175712585
1.647956132888794
0.4545387029647827
1.9103749990463257
1.0366568565368652
0.9311509132385254
0.862645149230957
0.810792088508606
0.7940068244934082
0.41681602597236633
0.9417994618415833
0.6805937886238098
0.7159660458564758
0.44883543252944946
0.6695250272750854
0.7982360124588013
0.7862154245376587
0.7846479415893555
0.21541786193847656
0.7781998515129089
1.6283221244812012
1.2671232223510742
0.6937043070793152
0.8082472085952759
1.0270147323608398
0.7557581663131714
0.44898539781570435
0.7037454843521118
1.2058558464050293
0.7953694462776184
0.8914284706115723
0.8812031149864197
1.2374472618103027
0.974554717540741
0.3308894634246826
1.2206714153289795
0.836894154548645
0.8583444952964783
0.8246400356292725
0.45851778984069824
0.29999828338623047
1.1702252626419067
0.9065896272659302
0.7017083168029785
0.4640536904335022
0.557395875453949
0.4979005455970764
0.8648965358734131
0.8992552161216736
0.7168267965316772
0.7427550554275513
0.8493862748146057
0.4004376530647278
0.6425649523735046
1.2483302354812622
0.734472930431366
0.7433174252510071
0.9520115852355957
0.7842682600021362
0.26127889752388
1.1838511228561401
0.586248517036438
3.2126681804656982
0.494162917137146
0.4034444987773895
2.335240125656128
0.2821212112903595
0.8228310942649841
1.1124372482299805
0.559069812297821
0.646935224533081
0.869793713092804
2.36788272857666
0.6549993753433228
0.7595892548561096
0.4824858605861664
0.7449008822441101
0.7184900641441345
0.9081757068634033
1.227972388267517
1.1692265272140503
0.8814340233802795
1.2273510694503784
0.9126167297363281
0.7772176265716553
0.7829289436340332
0.3714393377304077
0.876083493232727
0.3489890396595001
0.8923803567886353
0.881626546382904
0.6311678886413574
0.615227222442627
0.39997178316116333
0.7561264634132385
0.4679722785949707
0.9677239060401917
0.3748190999031067
0.9886899590492249
0.39502617716789246
0.6562879085540771
0.6843311786651611
0.6340910196304321
0.5055184364318848
0.7093507647514343
1.8738564252853394
1.0455236434936523
0.5061018466949463
0.5571911334991455
0.9281579256057739
0.979504406452179
0.7885514497756958
0.8132225275039673
0.2994654178619385
0.6263214945793152
0.6026347875595093
0.8365943431854248
0.5129168629646301
0.8028191328048706
0.6347033381462097
0.7947232127189636
0.9055737257003784
1.3715282678604126
0.8232054710388184
0.4080755114555359
0.6037619113922119
0.7226489782333374
0.5659649968147278
0.3095327317714691
0.6586865782737732
0.6192291975021362
1.111005187034607
0.8531299829483032
0.8878122568130493
0.786566972732544
0.8430400490760803
0.5775856375694275
0.37087902426719666
0.8427041172981262
0.9572920799255371
0.5170504450798035
0.8674271106719971
3.5317060947418213
0.7038593888282776
0.6073173880577087
0.8539385199546814
0.8772848844528198
0.45369356870651245
0.7738227248191833
0.8801885843276978
0.46209782361984253
0.7396897673606873
0.38863274455070496
0.4759758710861206
0.2730264663696289
0.7627047300338745
0.4244292974472046
0.5628405213356018
1.1819608211517334
0.47093072533607483
0.694831132888794
0.8533181548118591
0.47063350677490234
0.4293875992298126
0.7688673734664917
0.41208094358444214
0.5588374733924866
0.6090580224990845
0.6206960082054138
2.1813535690307617
0.6737112998962402
0.6008874773979187
0.40628358721733093
0.5701211094856262
0.4774218797683716
0.607772707939148
0.34230872988700867
0.9900537133216858
0.9569010734558105
0.7614465951919556
0.3842051029205322
0.6498158574104309
0.3725220859050751
0.6313378810882568
1.1445571184158325
0.4931163191795349
0.42038750648498535
0.4731876254081726
0.4971657395362854
0.48479074239730835
0.2531028091907501
0.5199079513549805
0.9839732050895691
0.4155409038066864
0.565082848072052
0.5716079473495483
0.4006921648979187
0.3050346076488495
0.6349920034408569
1.0478402376174927
0.5316101312637329
1.1986545324325562
0.20180122554302216
0.49770188331604004
0.3525506556034088
0.5194301605224609
0.5322127938270569
0.536663293838501
0.7350763082504272
0.6086782217025757
0.5122118592262268
0.3457191288471222
1.6037781238555908
0.44059115648269653
0.4167024493217468
0.39051228761672974
0.4952820837497711
0.5113248229026794
1.0268291234970093
0.43220362067222595
0.7665306329727173
0.43168628215789795
0.3886423408985138
0.5815593600273132
0.3303144872188568
0.6669158339500427
0.8634108304977417
0.9117053747177124
0.4067726135253906
0.34781143069267273
0.520388126373291
0.486181378364563
0.4703212380409241
0.5762160420417786
1.477082371711731
0.5644612312316895
0.6802049875259399
0.7149457335472107
0.4746532142162323
0.7331681847572327
0.9110522866249084
0.4031641483306885
0.5297387838363647
0.5203872919082642
0.4503258168697357
0.9699265360832214
0.4938075840473175
0.7217879295349121
