0.47464171051979065
5.592982769012451
2.550103187561035
1.1858513355255127
3.503779172897339
2.621734857559204
0.7795200943946838
0.8327265977859497
0.8294820189476013
0.6306741237640381
0.8485274314880371
0.6130595803260803
0.3606511056423187
0.5745746493339539
0.37003475427627563
0.19935102760791779
0.38000690937042236
0.36827245354652405
0.2850014865398407
0.33325880765914917
0.31377413868904114
0.2124466747045517
0.24042575061321259
0.1582217961549759
0.1613798439502716
0.18885186314582825
0.28771543502807617
0.27653276920318604
0.352783739566803
0.39651116728782654
0.3192109763622284
0.2205195426940918
0.15377084910869598
0.23049426078796387
0.15832073986530304
0.14783351123332977
0.18432307243347168
0.16600337624549866
0.19734634459018707
0.3001432716846466
0.3675214350223541
0.5738229751586914
0.34463268518447876
0.28106677532196045
0.26186829805374146
0.26739734411239624
0.22675074636936188
0.17203204333782196
0.263461709022522
0.20835743844509125
0.2162775695323944
0.2622389793395996
0.1717575639486313
0.2601960003376007
0.2114027440547943
0.31489986181259155
0.3762155771255493
0.2708379328250885
0.21279077231884003
0.20212727785110474
0.2240421175956726
0.3172268569469452
0.3409227728843689
0.22040094435214996
0.29077091813087463
0.24552582204341888
0.21102839708328247
0.2952745854854584
0.2820190489292145
0.2588895261287689
0.24763326346874237
0.3503406345844269
0.24707065522670746
0.1661466360092163
0.1508113294839859
0.15347982943058014
0.47399455308914185
0.2689409852027893
0.34445956349372864
0.32701313495635986
0.17294444143772125
0.1583954095840454
0.20372916758060455
0.21188566088676453
0.2546045184135437
0.3149968981742859
0.2964749038219452
0.2579793632030487
0.19332633912563324
0.21331027150154114
0.2792639434337616
0.19285079836845398
0.3918197751045227
0.3079526424407959
0.220800518989563
0.2025725543498993
0.2869042456150055
0.18615691363811493
0.21464140713214874
0.200215145945549
0.2074674814939499
0.18419195711612701
0.22518721222877502
0.27045947313308716
0.5578377842903137
0.35700640082359314
0.23731718957424164
0.21488183736801147
0.20300716161727905
0.19119085371494293
0.13587163388729095
0.1871873289346695
0.1679142713546753
0.2157280594110489
0.1422966867685318
0.26959630846977234
0.21834149956703186
0.21782322227954865
0.15450453758239746
0.16889983415603638
0.27430713176727295
0.18893304467201233
0.2269086092710495
0.20220504701137543
0.17356432974338531
0.23819600045681
0.32153624296188354
0.41616255044937134
0.3302367627620697
0.34986311197280884
0.20621779561042786
0.232957124710083
0.27798423171043396
0.20580415427684784
0.147511824965477
0.1510072946548462
0.1378217339515686
0.2391042858362198
0.2905709743499756
0.2517366111278534
0.2763035297393799
0.27345985174179077
0.3051537275314331
0.24693913757801056
0.25964081287384033
0.27404436469078064
0.3186325132846832
0.348387211561203
0.29530027508735657
0.23567917943000793
0.21536807715892792
0.18328049778938293
0.46406441926956177
0.300531804561615
0.19094835221767426
0.20490902662277222
0.2513452470302582
0.1998603194952011
0.18974000215530396
0.305512011051178
0.2040938436985016
0.20784814655780792
0.14765870571136475
0.13596180081367493
0.15918877720832825
0.26257550716400146
0.15233434736728668
0.15954869985580444
0.24985994398593903
0.20578813552856445
0.17477039992809296
0.2938995957374573
0.2533247172832489
0.21969175338745117
0.4200773239135742
0.31392666697502136
0.21782687306404114
0.23312175273895264
0.24584397673606873
0.35572198033332825
0.3855392634868622
0.24323520064353943
0.24338077008724213
0.20235060155391693
0.1690889149904251
0.21110908687114716
0.35507187247276306
0.2746531069278717
0.26647111773490906
0.23606692254543304
0.17572806775569916
0.23837026953697205
0.25275659561157227
0.24138858914375305
0.23110806941986084
0.2631680965423584
0.2682071328163147
0.34106260538101196
0.20318235456943512
0.2663975656032562
0.341275155544281
0.23024927079677582
0.22824592888355255
0.25473102927207947
0.2566137909889221
0.23822937905788422
0.21470677852630615
0.19054804742336273
0.2389705330133438
0.4350195825099945
0.16954517364501953
0.2440202534198761
0.17276941239833832
0.1771346926689148
0.32220137119293213
0.40806710720062256
0.24282199144363403
0.1920895129442215
0.22922833263874054
0.1489330530166626
0.20723159611225128
0.37699922919273376
0.18465687334537506
0.26812824606895447
0.2954217195510864
0.29542872309684753
0.22897256910800934
0.21595264971256256
0.2648112177848816
0.3662513494491577
0.20248697698116302
0.31093505024909973
0.2364133894443512
0.20835936069488525
0.22789087891578674
0.4622703492641449
0.2631135582923889
0.17315994203090668
0.177163764834404
0.3113751709461212
0.260117769241333
0.25684964656829834
0.17640432715415955
0.18119974434375763
0.19806426763534546
0.3702811002731323
0.6580868363380432
0.5243357419967651
0.4228843152523041
0.36009496450424194
0.23911158740520477
0.21470652520656586
0.22940583527088165
0.2120792716741562
0.1583167314529419
0.16016799211502075
0.1612759679555893
0.15852686762809753
0.13012871146202087
0.29861608147621155
0.2637507915496826
0.22606272995471954
0.14365680515766144
0.22110821306705475
0.18333938717842102
0.14163844287395477
0.1880010962486267
0.2171950489282608
0.15329302847385406
0.22079400718212128
0.15462417900562286
0.2680830657482147
0.16670386493206024
0.25666654109954834
0.1543269157409668
0.14308804273605347
0.25399667024612427
0.17356379330158234
0.16955648362636566
0.20893090963363647
0.19855983555316925
0.1798216700553894
0.35482731461524963
0.1643352061510086
0.25049126148223877
0.17514754831790924
0.15440452098846436
0.11807768046855927
0.21659855544567108
0.2775533199310303
0.24026449024677277
0.1534186601638794
0.14126455783843994
0.1953134983778
0.23234519362449646
0.20349116623401642
0.18109570443630219
0.1876068264245987
0.19104887545108795
0.13965392112731934
0.20824606716632843
0.25786206126213074
0.15082339942455292
0.14574304223060608
0.198850616812706
0.12704209983348846
0.2170819193124771
0.22161486744880676
0.18240231275558472
0.198231041431427
0.2114977389574051
0.2509036660194397
0.29297906160354614
0.23557443916797638
0.17595985531806946
0.16857731342315674
0.273575097322464
0.3893391191959381
0.27156156301498413
0.20378777384757996
0.15448129177093506
0.23797529935836792
0.1980867236852646
0.19070695340633392
0.21582536399364471
0.2129516750574112
0.2318885326385498
0.14710544049739838
0.17244645953178406
0.27894631028175354
0.5746643543243408
0.3036406338214874
0.21909964084625244
0.19007611274719238
0.32189318537712097
0.1994088888168335
0.26845690608024597
0.2069837898015976
0.15166541934013367
0.14158999919891357
0.23969273269176483
0.15634983777999878
0.15362417697906494
0.3213595449924469
0.17515656352043152
0.2153652310371399
0.18184131383895874
0.2248336374759674
0.1628122329711914
0.33313900232315063
0.14703157544136047
0.14975903928279877
0.16437283158302307
0.18557752668857574
0.18273471295833588
0.23077329993247986
0.1815747618675232
0.21937504410743713
0.15100105106830597
0.20850782096385956
0.27233123779296875
0.14263783395290375
0.27924588322639465
0.1730685830116272
0.1368158459663391
0.26676082611083984
0.1664840131998062
0.1654432713985443
0.17329269647598267
0.42015793919563293
0.24099943041801453
0.32275909185409546
0.18547017872333527
0.1925806999206543
0.18802322447299957
0.22591671347618103
0.17599515616893768
0.20207518339157104
0.15272177755832672
0.18222253024578094
0.32288968563079834
0.1914706826210022
0.13750582933425903
0.23061645030975342
0.22637003660202026
0.16285596787929535
0.1551944464445114
0.1963481456041336
0.24757298827171326
0.29449188709259033
0.2916993498802185
0.14618675410747528
0.2406318634748459
0.31572476029396057
0.14758816361427307
0.16635620594024658
0.196713387966156
0.19638691842556
0.29152822494506836
0.3975890576839447
0.3412270247936249
0.2428428679704666
0.34091463685035706
0.19918514788150787
0.1845044046640396
0.20774684846401215
0.23586991429328918
0.22466601431369781
0.14234720170497894
0.1910257190465927
0.29029223322868347
0.3876722455024719
0.2315233051776886
0.18681134283542633
0.15682266652584076
0.134560227394104
0.15666453540325165
0.21441443264484406
0.16781434416770935
0.20459282398223877
0.15988731384277344
0.20424920320510864
0.35960543155670166
0.18253596127033234
0.2361389398574829
0.14543864130973816
0.27701127529144287
0.3044050335884094
0.20738257467746735
0.21179822087287903
0.47521165013313293
0.30211687088012695
0.24530991911888123
0.23435164988040924
0.1727358102798462
0.16685767471790314
0.19847579300403595
0.20528604090213776
0.15392433106899261
0.20055727660655975
0.20434683561325073
0.2800557017326355
0.1751638501882553
0.2062259316444397
0.2118099182844162
0.17178358137607574
0.2692675292491913
0.18414194881916046
0.26905301213264465
0.19784927368164062
0.14258721470832825
0.16989779472351074
0.35437464714050293
0.1487123668193817
0.26515787839889526
0.308489054441452
0.2356949895620346
0.25679755210876465
0.13736368715763092
0.15369625389575958
0.2177899032831192
0.2867600917816162
0.2480173110961914
0.25563845038414
0.23125426471233368
0.21081356704235077
0.22220644354820251
0.20713865756988525
0.18545928597450256
0.23680950701236725
0.1781735122203827
0.15677203238010406
0.20642857253551483
0.36826664209365845
0.24170608818531036
0.4666620194911957
0.2116727977991104
0.23555561900138855
0.1674526333808899
0.16506801545619965
0.17188210785388947
0.30777332186698914
0.19203144311904907
0.1388663351535797
0.15162263810634613
0.13130556046962738
0.31849604845046997
0.19323968887329102
0.1512930989265442
0.11899805814027786
0.27517735958099365
0.2530961334705353
0.16288943588733673
0.15927796065807343
0.15616045892238617
0.32975128293037415
0.24112065136432648
0.142631396651268
0.23287130892276764
0.27350446581840515
0.32269248366355896
0.18486042320728302
0.437913179397583
0.24832183122634888
0.2330482453107834
0.16149196028709412
0.19342811405658722
0.20687022805213928
0.17824594676494598
0.1401883214712143
0.2241256684064865
0.14253109693527222
0.2543008327484131
0.13150645792484283
0.13561932742595673
0.1426660120487213
0.11623581498861313
0.40121889114379883
0.22887670993804932
0.29124757647514343
0.2326706200838089
0.3568747043609619
0.30619242787361145
0.2716934084892273
0.1876150518655777
0.19198115170001984
0.12614238262176514
0.28237780928611755
0.1811041682958603
0.1456172913312912
0.1512298285961151
0.1295233517885208
0.17484349012374878
0.12606912851333618
0.2672868072986603
0.3024912178516388
0.14532919228076935
0.3637062609195709
0.2521340250968933
0.15974654257297516
0.2960929870605469
0.24317307770252228
0.17989301681518555
0.16008740663528442
0.17561382055282593
0.2197047472000122
0.15871500968933105
0.34895196557044983
0.15536166727542877
0.4807029366493225
0.23312130570411682
0.26179438829421997
0.29264554381370544
0.15712030231952667
0.23853103816509247
0.14551696181297302
0.2652803361415863
0.3110424876213074
0.23927092552185059
0.1920161098241806
0.27262285351753235
0.20022013783454895
0.1440185010433197
0.13088519871234894
0.25631293654441833
0.23424921929836273
0.2954503297805786
0.16035623848438263
0.16163049638271332
0.14693544805049896
0.321689248085022
0.24111579358577728
0.17425072193145752
0.17904870212078094
0.2730804979801178
0.20563988387584686
0.30269482731819153
0.16695034503936768
0.27461427450180054
0.2821238338947296
0.1791713833808899
0.3141145706176758
0.34114181995391846
0.1673380583524704
0.33466920256614685
0.14357154071331024
0.26034286618232727
0.1967768669128418
0.1911325454711914
0.18812473118305206
0.26546889543533325
0.19638554751873016
0.2824016809463501
0.46336692571640015
0.16386280953884125
0.10761957615613937
0.14155539870262146
0.12412893027067184
0.14975886046886444
0.1142837256193161
0.2124198079109192
0.12804141640663147
0.17497238516807556
0.1207970380783081
0.1944054663181305
0.32530882954597473
0.24803680181503296
0.30397242307662964
0.1623784601688385
0.17505930364131927
0.18814203143119812
0.13477358222007751
0.3031178116798401
0.17740707099437714
0.16015084087848663
0.2533982992172241
0.15481187403202057
0.17034535109996796
0.26773056387901306
0.23060931265354156
0.16963006556034088
0.15227629244327545
0.22683851420879364
0.11861220747232437
0.21937881410121918
0.14677166938781738
0.12892940640449524
0.16391286253929138
0.21902550756931305
0.15934090316295624
0.23206382989883423
0.28467807173728943
0.14128026366233826
0.15805865824222565
0.21188676357269287
0.2502709627151489
0.28127583861351013
0.12515585124492645
0.20554085075855255
0.35920315980911255
0.1865336000919342
0.19584497809410095
0.16493923962116241
0.1371963918209076
0.15522420406341553
0.1380578726530075
0.3585668206214905
0.1903248429298401
0.15788792073726654
0.3608141839504242
0.2862188220024109
0.19352249801158905
0.21539859473705292
0.14831547439098358
0.12889094650745392
0.39205971360206604
0.21421410143375397
0.19488951563835144
0.24434706568717957
0.21915726363658905
0.29260215163230896
0.12482312321662903
0.2182375192642212
0.22943773865699768
0.23085376620292664
0.21884062886238098
0.12604349851608276
0.3181534707546234
0.13968436419963837
0.16849245131015778
0.191732719540596
0.12654751539230347
0.32223838567733765
0.22499899566173553
0.22459237277507782
0.20300514996051788
0.18959398567676544
0.10953287780284882
0.1453315168619156
0.09774981439113617
0.21064890921115875
0.14308452606201172
0.12256984412670135
0.2357681840658188
0.14912326633930206
0.22051440179347992
0.12005557864904404
0.27302297949790955
0.22326156497001648
0.27581173181533813
0.17720675468444824
0.15501096844673157
0.374563068151474
0.27807310223579407
0.21952125430107117
0.14844712615013123
0.11644001305103302
0.21765366196632385
0.16037629544734955
0.11435981094837189
0.5259478688240051
0.23431028425693512
0.2885516881942749
0.1383846402168274
0.25585004687309265
0.29230961203575134
0.26049554347991943
0.2449014037847519
0.33060312271118164
0.24885599315166473
0.15105609595775604
0.20501546561717987
0.20027202367782593
0.164615660905838
0.26303210854530334
0.1238044798374176
0.09920581430196762
0.16767987608909607
0.2603648900985718
0.17590348422527313
0.13678520917892456
0.15503357350826263
0.10314637422561646
0.19267164170742035
0.18011611700057983
0.2540041208267212
0.23149459064006805
0.3435491621494293
0.20011940598487854
0.124020054936409
0.11818359792232513
0.20750190317630768
0.19460050761699677
0.17107106745243073
0.22624854743480682
0.1737174242734909
0.24259425699710846
0.22177641093730927
0.2166060358285904
0.18522071838378906
0.161972776055336
0.13154777884483337
0.19937974214553833
0.1719973087310791
0.1005905345082283
0.18489351868629456
0.14020149409770966
0.13464809954166412
0.1511196494102478
0.16526392102241516
0.12923775613307953
0.38678884506225586
0.1664246767759323
0.20376774668693542
0.2222459614276886
0.1843045949935913
0.12229669094085693
0.25227901339530945
0.12255561351776123
0.2532067596912384
0.16327252984046936
0.16101334989070892
0.23483051359653473
0.13079334795475006
0.08306612074375153
0.2307177633047104
0.18590512871742249
0.13525554537773132
0.293279767036438
0.22806435823440552
0.3678714334964752
0.19226205348968506
0.22213785350322723
0.25999951362609863
0.18238049745559692
0.13872168958187103
0.2492462396621704
0.2065631002187729
0.11803724616765976
0.29411864280700684
0.1561625599861145
0.1966409832239151
0.17283153533935547
0.19038493931293488
0.1680227816104889
0.22329552471637726
0.19452208280563354
0.15307249128818512
0.2023119479417801
0.1347407102584839
0.2346939593553543
0.11021869629621506
0.18870548903942108
0.1486188769340515
0.13349640369415283
0.2036149650812149
0.12433064728975296
0.30609259009361267
0.2206101417541504
0.1551421582698822
0.21243245899677277
0.14405272901058197
0.21792802214622498
0.2001434862613678
0.12693342566490173
0.2494010627269745
0.2026551514863968
0.16134609282016754
0.16249632835388184
0.2743724584579468
0.19670745730400085
0.26322898268699646
0.16970659792423248
0.13915616273880005
0.24357685446739197
0.14398950338363647
0.14576300978660583
0.3495212495326996
0.23168699443340302
0.2787742018699646
0.1369522362947464
0.19035737216472626
0.1430908739566803
0.16066060960292816
0.21465255320072174
0.23146918416023254
0.1405874788761139
0.1867901086807251
0.21495990455150604
0.14495128393173218
0.1764080971479416
0.16395147144794464
0.20553018152713776
0.18395185470581055
0.13617190718650818
0.13775211572647095
0.2249811887741089
0.3577255606651306
0.18972086906433105
0.18914949893951416
0.17669260501861572
0.3014751076698303
0.23038513958454132
0.1988992989063263
0.19956515729427338
0.21604052186012268
0.3891773819923401
0.16596949100494385
0.2545498311519623
0.1468970775604248
0.23387938737869263
0.2072889357805252
0.1663265973329544
0.12741266191005707
0.16459603607654572
0.1629716455936432
0.11852320283651352
0.14656364917755127
0.25905051827430725
0.172148197889328
0.1940201222896576
0.26355597376823425
0.13694734871387482
0.2869418263435364
0.17721764743328094
0.13613151013851166
0.17790000140666962
0.20180238783359528
0.23956161737442017
0.3193555474281311
0.37231069803237915
0.19332510232925415
0.14961202442646027
0.19475801289081573
0.2010643184185028
0.20072263479232788
0.14323779940605164
0.2530508041381836
0.22588427364826202
0.18784506618976593
0.2674756646156311
0.14945635199546814
0.26198118925094604
0.18381977081298828
0.3745062053203583
0.25497835874557495
0.23696202039718628
0.15927176177501678
0.14075297117233276
0.3716452121734619
0.12079565227031708
0.24877677857875824
0.22629183530807495
0.2470247596502304
0.1483081579208374
0.1799725741147995
0.22098834812641144
0.17278490960597992
0.16923634707927704
0.17106619477272034
0.20878733694553375
0.13777470588684082
0.20979686081409454
0.3665050268173218
0.2453700453042984
0.13435743749141693
0.22752752900123596
0.20268362760543823
0.18845541775226593
0.13453318178653717
0.18930914998054504
0.2519744336605072
0.12052667886018753
0.11527089029550552
0.1744944006204605
0.13860096037387848
0.18221522867679596
0.21327781677246094
0.6106894612312317
0.15504005551338196
0.31764668226242065
0.29050901532173157
0.16906043887138367
0.2726525664329529
0.15479902923107147
0.235452800989151
0.22796812653541565
0.1610659658908844
0.184425950050354
0.20420177280902863
0.3095141351222992
0.21983224153518677
0.22388067841529846
0.16956835985183716
0.14250051975250244
0.19985570013523102
0.14422382414340973
0.25551730394363403
0.20001628994941711
0.16289782524108887
0.23930305242538452
0.3676367402076721
0.16355784237384796
0.2661641836166382
0.14936664700508118
0.20196950435638428
0.1224638819694519
0.1334500014781952
0.1553165316581726
0.12486442923545837
0.12041040509939194
0.22220636904239655
0.26009640097618103
0.21530365943908691
0.21795383095741272
0.21832726895809174
0.1838160753250122
0.11928209662437439
0.21291495859622955
0.15599924325942993
0.28535276651382446
0.19835211336612701
0.17995159327983856
0.18594743311405182
0.19671277701854706
0.15016935765743256
0.14863772690296173
0.17958207428455353
0.23401692509651184
0.25653505325317383
0.2436414510011673
0.173249751329422
0.2612833082675934
0.23410560190677643
0.17092439532279968
0.14244288206100464
0.16019847989082336
0.12940870225429535
0.2228967845439911
0.34249964356422424
0.14566001296043396
0.29955145716667175
0.21196772158145905
0.31389865279197693
0.22185657918453217
0.11626558005809784
0.17393912374973297
0.18428997695446014
0.16453103721141815
0.23331646621227264
0.15557368099689484
0.1969880312681198
0.22012948989868164
0.17847765982151031
0.3043709993362427
0.30579206347465515
0.20389102399349213
0.2899026870727539
0.3102272152900696
0.1474023312330246
0.1443253457546234
0.13712112605571747
0.10839387774467468
0.2797755002975464
0.16838176548480988
0.23773878812789917
0.16738532483577728
0.11089707165956497
0.19799882173538208
0.17835955321788788
0.1993691623210907
0.13653571903705597
0.1745065152645111
0.12764759361743927
0.20554597675800323
0.2521674931049347
0.2628574073314667
0.13905642926692963
0.18728789687156677
0.12299226224422455
0.3042261004447937
0.2320839911699295
0.2404467612504959
0.22836630046367645
0.22431612014770508
0.15715095400810242
0.28678905963897705
0.18815675377845764
0.4414953887462616
0.22590407729148865
0.19689927995204926
0.2777501940727234
0.2115042507648468
0.15656620264053345
0.18703563511371613
0.1985125094652176
0.16610774397850037
0.12311094999313354
0.15119701623916626
0.2739275097846985
0.24929946660995483
0.2374887466430664
0.3871966302394867
0.1461150348186493
0.4852668046951294
0.23281139135360718
0.15244662761688232
0.273301362991333
0.3036918044090271
0.1587228626012802
0.2724011540412903
0.1424969732761383
0.1446559727191925
0.17751289904117584
0.14600057899951935
0.22918462753295898
0.1902693212032318
0.1715427041053772
0.22181369364261627
0.16555042564868927
0.15208320319652557
0.22439579665660858
0.17243288457393646
0.17318294942378998
0.12044522166252136
0.13852861523628235
0.13422511518001556
0.34414201974868774
0.17526432871818542
0.21167045831680298
0.1344660222530365
0.20734532177448273
0.11136035621166229
0.09497527033090591
0.19930186867713928
0.163214772939682
0.11008504033088684
0.3182310163974762
0.3298931419849396
0.23881115019321442
0.21713198721408844
0.1607034057378769
0.16938617825508118
0.14209996163845062
0.1561438888311386
0.1596362590789795
0.12140491604804993
0.18846051394939423
0.14921601116657257
0.14764243364334106
0.4351183772087097
0.15752483904361725
0.1100616455078125
0.15989680588245392
0.29880937933921814
0.14344660937786102
0.18878470361232758
0.2602728307247162
0.14848396182060242
0.22178450226783752
0.2027602344751358
0.2830670177936554
0.20247234404087067
0.1906489133834839
0.21876458823680878
0.1295822113752365
0.1091926172375679
0.12074235081672668
0.13719519972801208
0.26816579699516296
0.23422859609127045
0.25129902362823486
0.19926288723945618
0.15655049681663513
0.12452027201652527
0.2628863453865051
0.26570403575897217
0.22403477132320404
0.17948295176029205
0.1488783359527588
0.2696189284324646
0.26077404618263245
0.2435692846775055
0.14542266726493835
0.35789939761161804
0.16266454756259918
0.2891070544719696
0.17062494158744812
0.15300926566123962
0.13663247227668762
0.20058219134807587
0.1386517584323883
0.14352625608444214
0.1962365061044693
0.15718235075473785
0.14367783069610596
0.21565671265125275
0.1271315962076187
0.33040285110473633
0.1947561800479889
0.14283348619937897
0.15704961121082306
0.16334271430969238
0.2648930251598358
0.20386603474617004
0.13455769419670105
0.23683038353919983
0.30352821946144104
0.22404280304908752
0.19900986552238464
0.12734702229499817
0.12725383043289185
0.31407132744789124
0.2997063994407654
0.16329802572727203
0.16889213025569916
0.1825057566165924
0.18724782764911652
0.24764002859592438
0.10782770067453384
0.155641108751297
0.18082654476165771
0.15055610239505768
0.22924216091632843
0.259517639875412
0.1667238026857376
0.17092667520046234
0.23229451477527618
0.1856757402420044
0.20899367332458496
0.2711426615715027
0.12107915431261063
0.21435068547725677
0.22411340475082397
0.1812080442905426
0.2720508575439453
0.18396364152431488
0.16264915466308594
0.146133154630661
0.1690519005060196
0.2409987598657608
0.16916611790657043
0.2933633327484131
0.1526261866092682
0.21810562908649445
0.25684019923210144
0.16071325540542603
0.14952871203422546
0.26420414447784424
0.2729414403438568
0.28039851784706116
0.14446935057640076
0.13583309948444366
0.21257902681827545
0.1938389390707016
0.14982832968235016
0.1600734144449234
0.10866740345954895
0.11221995949745178
0.10210753232240677
0.1340028941631317
0.2106449156999588
0.19467920064926147
0.16895973682403564
0.1789838820695877
0.2244827002286911
0.20697183907032013
0.4359128177165985
0.2679195702075958
0.1543552279472351
0.16091735661029816
0.17869111895561218
0.41124728322029114
0.25835952162742615
0.13817119598388672
0.20591354370117188
0.3174480199813843
0.2404870092868805
0.2100939154624939
0.2579074501991272
0.16785787045955658
0.232826828956604
0.23548391461372375
0.31578928232192993
0.1679173856973648
0.3078192472457886
0.33869776129722595
0.26890963315963745
0.1580246537923813
0.18533113598823547
0.13781645894050598
0.16999036073684692
0.23306825757026672
0.2664952278137207
0.19553369283676147
0.30854517221450806
0.2216561883687973
0.19776076078414917
0.14324547350406647
0.13575555384159088
0.11091798543930054
0.12836283445358276
0.23495768010616302
0.18556910753250122
0.20510613918304443
0.22555482387542725
0.1721198409795761
0.16216610372066498
0.1356361210346222
0.11361615359783173
0.16391584277153015
0.21822866797447205
0.14273855090141296
0.31946930289268494
0.16646286845207214
0.15031199157238007
0.31843385100364685
0.16339097917079926
0.12627002596855164
0.2326798141002655
0.17752058804035187
0.11646991968154907
0.30340924859046936
0.4217492341995239
0.2688939571380615
0.1559956967830658
0.23516547679901123
0.2252608686685562
0.28188976645469666
0.23963795602321625
0.1824493706226349
0.15925870835781097
0.23122403025627136
0.12812936305999756
0.14439742267131805
0.1725471466779709
0.1222212016582489
0.13354705274105072
0.1971691995859146
0.13006415963172913
0.277646541595459
0.28911587595939636
0.23640625178813934
0.15996284782886505
0.11417357623577118
0.2353958636522293
0.36179739236831665
0.19155369699001312
0.27209925651550293
0.1714322865009308
0.09827939420938492
0.10971055179834366
0.20216313004493713
0.3132767081260681
0.14788684248924255
0.16106799244880676
0.13040772080421448
0.12799981236457825
0.1543206125497818
0.16114068031311035
0.22983218729496002
0.15231876075267792
0.1439189314842224
0.350909948348999
0.14609283208847046
0.13592922687530518
0.11149066686630249
0.11794490367174149
0.2126942276954651
0.3913370370864868
0.2474074363708496
0.13690806925296783
0.22902436554431915
0.11938758194446564
0.12948831915855408
0.13711118698120117
0.21507295966148376
0.14703018963336945
0.20985828340053558
0.1568269580602646
0.11664760857820511
0.19308513402938843
0.23834124207496643
0.26632770895957947
0.3682895600795746
0.14693956077098846
0.18445275723934174
0.15245215594768524
0.15464673936367035
0.13343580067157745
0.2169170081615448
0.13179904222488403
0.08990871906280518
0.19995279610157013
0.11321380734443665
0.10654756426811218
0.10294971615076065
0.21264785528182983
0.17904318869113922
0.19149228930473328
0.18803927302360535
0.17459046840667725
0.1952996701002121
0.20735134184360504
0.19428512454032898
0.1702243685722351
0.2116503119468689
0.1433066576719284
0.11941353976726532
0.2122529298067093
0.28400659561157227
0.17580360174179077
0.23913806676864624
0.38348835706710815
0.30298006534576416
0.28712669014930725
0.15957561135292053
0.27888309955596924
0.23721829056739807
0.19419856369495392
0.16502320766448975
0.12036418169736862
0.15337368845939636
0.1366630345582962
0.23188476264476776
0.15990032255649567
0.1893903911113739
0.2312842160463333
0.09060651063919067
0.43748757243156433
0.3819541931152344
0.1660769134759903
0.261355459690094
0.3952525556087494
0.39153534173965454
0.11997322738170624
0.13951896131038666
0.3113155663013458
0.19130012392997742
0.131718248128891
0.3116551637649536
0.18025793135166168
0.16165190935134888
0.14059869945049286
0.11596549302339554
0.14526104927062988
0.13935218751430511
0.19959518313407898
0.12029199302196503
0.22268758714199066
0.2437407225370407
0.16379068791866302
0.12760281562805176
0.12582489848136902
0.1849445253610611
0.1925099492073059
0.40874457359313965
0.18995077908039093
0.2199462652206421
0.13491444289684296
0.1898423135280609
0.16471578180789948
0.30891257524490356
0.13800686597824097
0.15579283237457275
0.17571692168712616
0.15085400640964508
0.30952098965644836
0.14794228971004486
0.18016697466373444
0.1334909349679947
0.12954957783222198
0.2085343897342682
0.1894867718219757
0.20902888476848602
0.16791415214538574
0.1190260648727417
0.14303575456142426
0.2496984601020813
0.18617911636829376
0.1912306547164917
0.116958849132061
0.24355140328407288
0.18630771338939667
0.2177194058895111
0.2929268777370453
0.1674673706293106
0.21504351496696472
0.21381168067455292
0.2782885432243347
0.1579638421535492
0.1619931012392044
0.14411957561969757
0.11664193123579025
0.2283198982477188
0.37111079692840576
0.23633290827274323
0.17253868281841278
0.35868167877197266
0.1521381139755249
0.22279520332813263
0.1330629587173462
0.15636183321475983
0.27854540944099426
0.17333269119262695
0.12149901688098907
0.12600012123584747
0.2873205542564392
0.23384268581867218
0.18278400599956512
0.1693258136510849
0.23173737525939941
0.16050603985786438
0.3328096270561218
0.1428704708814621
0.14127610623836517
0.15255390107631683
0.19302885234355927
0.1463594138622284
0.2127639800310135
0.17682695388793945
0.23084352910518646
0.1338265985250473
0.22703789174556732
0.18761493265628815
0.260881632566452
0.21302931010723114
0.1692185252904892
0.14513085782527924
0.3205929696559906
0.17442728579044342
0.23230744898319244
0.24644775688648224
0.2991713881492615
0.23473744094371796
0.19001354277133942
0.15369990468025208
0.1841471791267395
0.16985411942005157
0.1360093653202057
0.2670348584651947
0.24133531749248505
0.1552373319864273
0.17465053498744965
0.30284571647644043
0.1954619586467743
0.15562297403812408
0.1552160680294037
0.2722790241241455
0.2920481562614441
0.18711917102336884
0.3370859920978546
0.20813623070716858
0.2708089053630829
0.16146636009216309
0.19119296967983246
0.23374266922473907
0.36072105169296265
0.3133411407470703
0.1811789870262146
0.23124796152114868
0.1950199156999588
0.12392893433570862
0.2853641211986542
0.16274479031562805
0.14263111352920532
0.18788811564445496
0.21674643456935883
0.3486168682575226
0.10710721462965012
0.1616545021533966
0.1283382922410965
0.3319617807865143
0.18804748356342316
0.20054030418395996
0.24263222515583038
0.1411692500114441
0.13670215010643005
0.25157326459884644
0.2323562502861023
0.23521782457828522
0.12320125848054886
0.1330733299255371
0.26208293437957764
0.14229434728622437
0.1691843718290329
0.10485856235027313
0.16794514656066895
0.2230069637298584
0.16414622962474823
0.1150926724076271
0.2811608612537384
0.2504562735557556
0.19308273494243622
0.16177998483181
0.2289673089981079
0.12124437838792801
0.10585277527570724
0.20068490505218506
0.1558791697025299
0.21109475195407867
0.10696667432785034
0.11024466156959534
0.11510328948497772
0.208650141954422
0.17827817797660828
0.12228920310735703
0.15107794106006622
0.370442271232605
0.19126580655574799
0.2435750812292099
0.32010939717292786
0.25691983103752136
0.2552143633365631
0.20879733562469482
0.1420668363571167
0.1406952142715454
0.33240094780921936
0.23757942020893097
0.2792273163795471
0.26885172724723816
0.1333005726337433
0.3189084231853485
0.19649861752986908
0.41965749859809875
0.1848389059305191
0.1258568912744522
0.2556282579898834
0.17755022644996643
0.3607524037361145
0.17973026633262634
0.1256442666053772
0.15668001770973206
0.2652744948863983
0.18561619520187378
0.153136745095253
0.20054557919502258
0.23659464716911316
0.2008778601884842
0.119240902364254
0.22272749245166779
0.15197117626667023
0.17401765286922455
0.3885136842727661
0.28108471632003784
0.30699318647384644
0.14038236439228058
0.2956184148788452
0.1956215351819992
0.3704470098018646
0.15001700818538666
0.16873301565647125
0.3225560784339905
0.42925146222114563
0.2396973818540573
0.25907406210899353
0.15570534765720367
0.1928211897611618
0.13856305181980133
0.1447441577911377
0.21951252222061157
0.1898130625486374
0.22101160883903503
0.2878771722316742
0.24480126798152924
0.21173109114170074
0.17881037294864655
0.14299970865249634
0.18469659984111786
0.3106785714626312
0.15554611384868622
0.15509550273418427
0.2662924826145172
0.370248019695282
0.22831277549266815
0.10810548812150955
0.1686760038137436
0.1415296047925949
0.27405041456222534
0.16745583713054657
0.14793512225151062
0.13456811010837555
0.15982061624526978
0.13095344603061676
0.10718464106321335
0.2899836599826813
0.26405835151672363
0.2918108105659485
0.22412553429603577
0.10461939126253128
0.16710726916790009
0.15684042870998383
0.18320666253566742
0.14572744071483612
0.17760367691516876
0.1297895610332489
0.1555216908454895
0.2557576596736908
0.1965138167142868
0.27581897377967834
0.24049024283885956
0.2910204529762268
0.1573372781276703
0.1312498301267624
0.14460764825344086
0.1891060173511505
0.18691404163837433
0.2504216730594635
0.18533900380134583
0.16556374728679657
0.2097017616033554
0.3278046250343323
0.1618792563676834
0.2001817673444748
0.14111550152301788
0.11092058569192886
0.2358083575963974
0.18087223172187805
0.13278044760227203
0.27862250804901123
0.1885451227426529
0.2315659523010254
0.17563167214393616
0.14314205944538116
0.3347472548484802
0.28499528765678406
0.12991105020046234
0.1738678365945816
0.13314343988895416
0.1583574265241623
0.10104792565107346
0.1787451058626175
0.22402536869049072
0.3410363793373108
0.18967004120349884
0.25170812010765076
0.2603381872177124
0.21529804170131683
0.22393937408924103
0.12337984144687653
0.17590098083019257
0.10729508101940155
0.1892205774784088
0.22406813502311707
0.2704210877418518
0.19296811521053314
0.14156180620193481
0.2236863225698471
0.309761106967926
0.2620609998703003
0.13287636637687683
0.1369849145412445
0.14933814108371735
0.2682279646396637
0.22590771317481995
0.1366976648569107
0.2810697853565216
0.18925969302654266
0.26579341292381287
0.13494230806827545
0.1274786740541458
0.15621796250343323
0.23284445703029633
0.17073816061019897
0.26847967505455017
0.2225821167230606
0.18512971699237823
0.14261268079280853
0.2257138043642044
0.1534571498632431
0.1794612854719162
0.3160454332828522
0.13768672943115234
0.20277348160743713
0.1455121487379074
0.19985799491405487
0.199032261967659
0.13071459531784058
0.1634058803319931
0.3177976906299591
0.1586030274629593
0.2857004702091217
0.14754149317741394
0.2783568501472473
0.20954033732414246
0.12070711702108383
0.13410666584968567
0.1507575362920761
0.16761699318885803
0.15530888736248016
0.26328831911087036
0.11801517754793167
0.10268399864435196
0.19309566915035248
0.11651021987199783
0.31411024928092957
0.1973968893289566
0.33552178740501404
0.2445148378610611
0.1629837304353714
0.12481778860092163
0.12173254787921906
0.15423427522182465
0.21241424977779388
0.4155605137348175
0.17266932129859924
0.1508014053106308
0.17519532144069672
0.2793698310852051
0.30319151282310486
0.3053891956806183
0.1442970186471939
0.21323096752166748
0.3227916657924652
0.32416385412216187
0.29177239537239075
0.18238891661167145
0.1121518537402153
0.1900864690542221
0.21922066807746887
0.2903837561607361
0.19485288858413696
0.26767560839653015
0.24216952919960022
0.336287260055542
0.13653378188610077
0.1301903873682022
0.13018929958343506
0.15473102033138275
0.22461354732513428
0.12971176207065582
0.25924715399742126
0.2312271147966385
0.18094685673713684
0.1012391448020935
0.21681801974773407
0.17305804789066315
0.19344140589237213
0.1910121589899063
0.16275718808174133
0.2747880220413208
0.11370544880628586
0.1445969194173813
0.13984283804893494
0.16408973932266235
0.19735468924045563
0.18654513359069824
0.23644521832466125
0.2525724172592163
0.15799011290073395
0.1839471012353897
0.3286215662956238
0.3314821422100067
0.2700316905975342
0.13445083796977997
0.25007298588752747
0.22408227622509003
0.12193742394447327
0.25918975472450256
0.14973390102386475
0.1609361618757248
0.1364276111125946
0.17273838818073273
0.18328283727169037
0.17287780344486237
0.24981436133384705
0.12101273983716965
0.14826461672782898
0.26407870650291443
0.14209435880184174
0.1269565224647522
0.233377605676651
0.16937485337257385
0.2837458848953247
0.15572065114974976
0.11215569823980331
0.21794633567333221
0.16138136386871338
0.21020850539207458
0.10065411776304245
0.14532865583896637
0.17356587946414948
0.15566474199295044
0.17898128926753998
0.16180738806724548
0.21658168733119965
0.1469009965658188
0.17581680417060852
0.12234306335449219
0.18843087553977966
0.31095069646835327
0.1582545042037964
0.26096805930137634
0.1884378343820572
0.19002903997898102
0.12506724894046783
0.23744720220565796
0.1310512274503708
0.3100851774215698
0.17053495347499847
0.1507718712091446
0.34653016924858093
0.2039370983839035
0.3212754428386688
0.16662216186523438
0.17918401956558228
0.1951625496149063
0.2006419450044632
0.19801843166351318
0.22656148672103882
0.17914976179599762
0.11058472841978073
0.16901348531246185
0.19725094735622406
0.2689600884914398
0.1927371621131897
0.18259373307228088
0.17187660932540894
0.121189646422863
0.23993583023548126
0.21035219728946686
0.4505356550216675
0.18954336643218994
0.17041467130184174
0.16965676844120026
0.12660710513591766
0.18769259750843048
0.18479669094085693
0.23947755992412567
0.12995751202106476
0.1113072857260704
0.3162020444869995
0.16023798286914825
0.17472386360168457
0.13740816712379456
0.14525015652179718
0.15196266770362854
0.2132374495267868
0.10639635473489761
0.1775856465101242
0.14873981475830078
0.20882733166217804
0.18689443171024323
0.1696401834487915
0.15617969632148743
0.11579755693674088
0.24479496479034424
0.22032757103443146
0.1952860951423645
0.17409229278564453
0.11035562306642532
0.18796353042125702
0.19641293585300446
0.19488872587680817
0.22549110651016235
0.44214749336242676
0.20824775099754333
0.4600297808647156
0.17979945242404938
0.3381889760494232
0.18585623800754547
0.12996220588684082
0.2327624410390854
0.21558399498462677
0.22426429390907288
0.3355923891067505
0.1359836608171463
0.10371916741132736
0.1722341924905777
0.15570177137851715
0.17839528620243073
0.1390777826309204
0.11521247774362564
0.2027186155319214
0.21000024676322937
0.12646521627902985
0.14984279870986938
0.18012511730194092
0.15548256039619446
0.14129917323589325
0.3064992129802704
0.1742076575756073
0.2175535261631012
0.2587379813194275
0.21512827277183533
0.2960096299648285
0.24100592732429504
0.08894272148609161
0.19769643247127533
0.2071501910686493
0.14309526979923248
0.10308107733726501
0.4736424684524536
0.25907620787620544
0.18428608775138855
0.13584648072719574
0.3389577567577362
0.27131569385528564
0.12417840212583542
0.36466869711875916
0.15565475821495056
0.1554616540670395
0.12770913541316986
0.14781276881694794
0.23301200568675995
0.23403269052505493
0.23105330765247345
0.21791915595531464
0.14070937037467957
0.24916838109493256
0.21633735299110413
0.13263964653015137
0.18913057446479797
0.2412196844816208
0.1491253823041916
0.14511732757091522
0.18388037383556366
0.27003976702690125
0.35662081837654114
0.37343430519104004
0.30555346608161926
0.22124768793582916
0.2677590250968933
0.25648948550224304
0.1856151819229126
0.21006138622760773
0.21039949357509613
0.20278798043727875
0.19555850327014923
0.17074541747570038
0.328318327665329
0.13548988103866577
0.3870675265789032
0.2213367223739624
0.13579300045967102
0.14031502604484558
0.31631597876548767
0.20296312868595123
0.14689654111862183
0.26018762588500977
0.2556411325931549
0.28966352343559265
0.19656555354595184
0.1993861049413681
0.11067645996809006
0.19117332994937897
0.20379117131233215
0.19606956839561462
0.28796517848968506
0.14355669915676117
0.17966680228710175
0.14643648266792297
0.24905237555503845
0.2257242351770401
0.2905387580394745
0.17237067222595215
0.1585284173488617
0.25893634557724
0.13596807420253754
0.27891096472740173
0.13076692819595337
0.1727052927017212
0.3234250247478485
0.19349101185798645
0.13726091384887695
0.23326176404953003
0.13867861032485962
0.38543176651000977
0.30658239126205444
0.14886163175106049
0.14402031898498535
0.2403319776058197
0.09934231638908386
0.18838438391685486
0.1457756906747818
0.1818191260099411
0.139740452170372
0.20901525020599365
0.2544342577457428
0.22965924441814423
0.20384274423122406
0.2184792309999466
0.1780661791563034
0.20863381028175354
0.4117455780506134
0.2677857577800751
0.16626028716564178
0.2194833606481552
0.20342667400836945
0.12124785780906677
0.14938749372959137
0.33174893260002136
0.26220154762268066
0.14243294298648834
0.15439210832118988
0.21087417006492615
0.2214561402797699
0.117914579808712
0.26494768261909485
0.14510133862495422
0.24681271612644196
0.27543678879737854
0.26851391792297363
0.15846332907676697
0.27851220965385437
0.12320146709680557
0.273764044046402
0.150221586227417
0.11334811896085739
0.19207407534122467
0.14073702692985535
0.17202046513557434
0.27326449751853943
0.22311022877693176
0.23845916986465454
0.29037153720855713
0.11924393475055695
0.13123451173305511
0.12703123688697815
0.272431880235672
0.20388935506343842
0.1453682780265808
0.20443777740001678
0.28103554248809814
0.2804388999938965
0.3145311176776886
0.16285306215286255
0.4593990743160248
0.26323339343070984
0.11723656952381134
0.14855241775512695
0.1665961891412735
0.21208374202251434
0.12257631868124008
0.21191328763961792
0.3742538392543793
0.13870558142662048
0.3113713562488556
0.13035592436790466
0.1554122120141983
0.10660194605588913
0.21760059893131256
0.3314894139766693
0.22349727153778076
0.17092253267765045
0.23272202908992767
0.21947093307971954
0.1394335776567459
0.21334432065486908
0.15492376685142517
0.2198813557624817
0.221149280667305
0.22408811748027802
0.3894745409488678
0.19683057069778442
0.27297720313072205
0.2313619703054428
0.10924562811851501
0.14230652153491974
0.37459567189216614
0.19849738478660583
0.13446201384067535
0.21998140215873718
0.29531875252723694
0.23487624526023865
0.1935274302959442
0.2549175024032593
0.20188450813293457
0.18776126205921173
0.5395237803459167
0.3386296331882477
0.22306814789772034
0.33738088607788086
0.16232061386108398
0.14082875847816467
0.32677218317985535
0.2392459511756897
0.39235058426856995
0.37768319249153137
0.35752159357070923
0.18013568222522736
0.26594793796539307
0.24725528061389923
0.1843002736568451
0.3072662353515625
0.16559849679470062
0.13770638406276703
0.17933064699172974
0.33824995160102844
0.17181070148944855
0.16452501714229584
0.11957351863384247
0.18800519406795502
0.27876201272010803
0.32734885811805725
0.3322044909000397
0.20382902026176453
0.22778458893299103
0.35335665941238403
0.1522553563117981
0.3382548987865448
0.3008449375629425
0.38150694966316223
0.3845624327659607
0.16968540847301483
0.15509219467639923
0.11098134517669678
0.21741962432861328
0.24270425736904144
0.11855722963809967
0.1739335060119629
0.27860575914382935
0.25693267583847046
0.214430034160614
0.19772613048553467
0.2750857174396515
0.1967797428369522
0.18883657455444336
0.16381680965423584
0.1804458349943161
0.1410578489303589
0.21198759973049164
0.28800615668296814
0.19985903799533844
0.1925508826971054
0.26561984419822693
0.2150375097990036
0.3864229917526245
0.20924338698387146
0.17374242842197418
0.15564852952957153
0.13400910794734955
0.29511377215385437
0.10079154372215271
0.15664781630039215
0.2067759931087494
0.29077649116516113
0.2780945301055908
0.13935062289237976
0.29698407649993896
0.27808478474617004
0.15686596930027008
0.3237711191177368
0.32153889536857605
0.19085508584976196
0.17586925625801086
0.2820574641227722
0.21586303412914276
0.4438479244709015
0.24910257756710052
0.2533210515975952
0.14573964476585388
0.28224536776542664
0.19743844866752625
0.20194458961486816
0.21635836362838745
0.22121064364910126
0.19462363421916962
0.15282844007015228
0.1711542308330536
0.19076332449913025
0.16890820860862732
0.12674033641815186
0.19949747622013092
0.14544811844825745
0.28139472007751465
0.10723121464252472
0.15262584388256073
0.19541572034358978
0.32482948899269104
0.3360413610935211
0.2510841488838196
0.12505994737148285
0.19440607726573944
0.102101631462574
0.12777940928936005
0.19417184591293335
0.1534573882818222
0.2292041927576065
0.2598634362220764
0.17109711468219757
0.2562263309955597
0.14698244631290436
0.18910793960094452
0.161142498254776
0.13461869955062866
0.25475770235061646
0.21736027300357819
0.2341054528951645
0.18894654512405396
0.136335551738739
0.45055532455444336
0.20850366353988647
0.2408447414636612
0.18850600719451904
0.1517113447189331
0.1590300351381302
0.2468431144952774
0.31003087759017944
0.11764132976531982
0.13311150670051575
0.2025974988937378
0.15803252160549164
0.3149731457233429
0.2418852001428604
0.14428560435771942
0.14759808778762817
0.13954870402812958
0.1917942315340042
0.1751488596200943
0.219077005982399
0.11401860415935516
0.26811644434928894
0.18810735642910004
0.1627293825149536
0.2512226104736328
0.19184161722660065
0.23064018785953522
0.1175634115934372
0.266693651676178
0.3204261362552643
0.16847875714302063
0.1312514841556549
0.13099759817123413
0.33000612258911133
0.14718382060527802
0.30300676822662354
0.17393843829631805
0.19111834466457367
0.30494025349617004
0.27449434995651245
0.2035391628742218
0.14145483076572418
0.11577839404344559
0.15048012137413025
0.15403223037719727
0.21998918056488037
0.17836523056030273
0.11188935488462448
0.14252512156963348
0.12828011810779572
0.24979324638843536
0.20327413082122803
0.12339796870946884
0.1315394639968872
0.24591979384422302
0.24135296046733856
0.10649093985557556
0.1573735475540161
0.1635676473379135
0.1296003758907318
0.09140388667583466
0.2518059015274048
0.18340131640434265
0.16172121465206146
0.15413202345371246
0.16127820312976837
0.15499995648860931
0.2770082652568817
0.2350361943244934
0.2520979642868042
0.12863120436668396
0.19772537052631378
0.15215134620666504
0.22062067687511444
0.23262919485569
0.1667938232421875
0.2703547179698944
0.1820061355829239
0.34869086742401123
0.13724645972251892
0.35004836320877075
0.20168763399124146
0.19276520609855652
0.10836900770664215
0.42575207352638245
0.20274728536605835
0.20631667971611023
0.25372928380966187
0.16233448684215546
0.2606550455093384
0.24128754436969757
0.17872881889343262
0.16678132116794586
0.1298118233680725
0.142355814576149
0.37616512179374695
0.15615609288215637
0.31163161993026733
0.17177176475524902
0.407420814037323
0.14454247057437897
0.1487402766942978
0.25775855779647827
0.10528191179037094
0.2867145538330078
0.26355117559432983
0.10930673032999039
0.18497692048549652
0.2278493493795395
0.19659307599067688
0.21568910777568817
0.10302753001451492
0.16415300965309143
0.21747954189777374
0.17905396223068237
0.12239640951156616
0.2645264267921448
0.14145730435848236
0.22475063800811768
0.1077929437160492
0.1798514425754547
0.14034421741962433
0.1561516374349594
0.12525875866413116
0.16909679770469666
0.17170989513397217
0.1459360122680664
0.2763133645057678
0.2324640303850174
0.20078174769878387
0.17511296272277832
0.1202552318572998
0.12724122405052185
0.21926811337471008
0.33048215508461
0.24399735033512115
0.23389969766139984
0.18894024193286896
0.17024646699428558
0.20249108970165253
0.3499484062194824
0.21357299387454987
0.25098004937171936
0.3078559339046478
0.1809510886669159
0.2582150995731354
0.1642892211675644
0.17283937335014343
0.21681717038154602
0.2203625738620758
0.15010197460651398
0.19099104404449463
0.19109569489955902
0.13536041975021362
0.26172536611557007
0.32514122128486633
0.14385496079921722
0.270537406206131
0.30904096364974976
0.14400875568389893
0.23215334117412567
0.12614117562770844
0.15486827492713928
0.34580153226852417
0.24369382858276367
0.13629582524299622
0.18320707976818085
0.23735785484313965
0.2500886023044586
0.2609369158744812
0.23539863526821136
0.1535339653491974
0.151200532913208
0.16653448343276978
0.1429404318332672
0.2700828015804291
0.2975391447544098
0.1965322643518448
0.1282598078250885
0.0998532846570015
0.15481345355510712
0.28593137860298157
0.16966651380062103
0.1277833878993988
0.1936730295419693
0.14518427848815918
0.26411545276641846
0.24926914274692535
0.1440485119819641
0.11702357232570648
0.22224372625350952
0.15120148658752441
0.2059011608362198
0.09475559741258621
0.151337668299675
0.19885645806789398
0.26194095611572266
0.1512337028980255
0.3411264717578888
0.24167707562446594
0.15478485822677612
0.1843046396970749
0.26727935671806335
0.15180936455726624
0.12585480511188507
0.23638495802879333
0.16988997161388397
0.21267537772655487
0.22065097093582153
0.45763471722602844
0.2400895357131958
0.2662581205368042
0.18316695094108582
0.1976376175880432
0.16548073291778564
0.29014143347740173
0.16584312915802002
0.23167407512664795
0.2595207691192627
0.1460443139076233
0.21533924341201782
0.1713850200176239
0.25185921788215637
0.40870004892349243
0.32704654335975647
0.16657689213752747
0.13933664560317993
0.20702914893627167
0.1530458927154541
0.28457847237586975
0.19577626883983612
0.1846047341823578
0.17068976163864136
0.19131314754486084
0.1562076210975647
0.11177958548069
0.14021103084087372
0.3571932017803192
0.32110700011253357
0.22384755313396454
0.13545139133930206
0.16866467893123627
0.24583058059215546
0.18653999269008636
0.3129647970199585
0.15936918556690216
0.35182783007621765
0.3008394241333008
0.3820343315601349
0.18983733654022217
0.28578659892082214
0.25076332688331604
0.38085928559303284
0.19841182231903076
0.365260511636734
0.19380411505699158
0.1226111501455307
0.130459263920784
0.34429165720939636
0.3209925591945648
0.17291893064975739
0.22143100202083588
0.1413445621728897
0.1852024346590042
0.2206263691186905
0.1115792766213417
0.1668318212032318
0.1068272814154625
0.18236200511455536
0.13178181648254395
0.1609882116317749
0.14421100914478302
0.3281545639038086
0.13896729052066803
0.14592573046684265
0.11139531433582306
0.29675954580307007
0.31944453716278076
0.18975386023521423
0.13456061482429504
0.11952211707830429
0.140081986784935
0.14356645941734314
0.1437705159187317
0.4089169204235077
0.13876919448375702
0.19355010986328125
0.14021851122379303
0.197830930352211
0.1852087378501892
0.3165093660354614
0.24396173655986786
0.15746913850307465
0.14690826833248138
0.16590340435504913
0.18087570369243622
0.19891159236431122
0.14514559507369995
0.15918058156967163
0.20813940465450287
0.3971765637397766
0.16615407168865204
0.23402249813079834
0.24418656527996063
0.15011276304721832
0.26077958941459656
0.14437530934810638
0.2251509130001068
0.2931402325630188
0.17678982019424438
0.25403204560279846
0.24662117660045624
0.15515948832035065
0.12282372266054153
0.1064896285533905
0.1484793871641159
0.17354510724544525
0.2532360851764679
0.12713876366615295
0.23532834649085999
0.25188401341438293
0.21550321578979492
0.12923800945281982
0.2322082221508026
0.21049781143665314
0.120389923453331
0.11567269265651703
0.10540428012609482
0.10672616958618164
0.3229824900627136
0.18252500891685486
0.25495174527168274
0.27526167035102844
0.1500094085931778
0.11591701209545135
0.15411852300167084
0.3247351348400116
0.21343544125556946
0.2869029641151428
0.2144135683774948
0.21281322836875916
0.14518341422080994
0.12651978433132172
0.18269497156143188
0.21759195625782013
0.15614542365074158
0.15551462769508362
0.19839976727962494
0.3462178111076355
0.17274491488933563
0.11414241045713425
0.3023875951766968
0.22215455770492554
0.2894379794597626
0.21010547876358032
0.13774263858795166
0.14137504994869232
0.11117901653051376
0.27244895696640015
0.20789407193660736
0.11501245945692062
0.28020209074020386
0.25550538301467896
0.12165738642215729
0.10863136500120163
0.12164168804883957
0.17965540289878845
0.22051019966602325
0.1776343435049057
0.2502601444721222
0.13670971989631653
0.3266097903251648
0.3303878605365753
0.2584899067878723
0.15585565567016602
0.2012404203414917
0.14279481768608093
0.10592625290155411
0.35198870301246643
0.1290966272354126
0.35070866346359253
0.14351226389408112
0.18599453568458557
0.144441619515419
0.10275029391050339
0.3610953092575073
0.25594744086265564
0.17978553473949432
0.12309238314628601
0.21219636499881744
0.17775678634643555
0.2906174957752228
0.19116954505443573
0.1020670011639595
0.24396155774593353
0.23981855809688568
0.4613078534603119
0.1605679988861084
0.16258753836154938
0.16266541182994843
0.1434110850095749
0.11867999285459518
0.18481363356113434
0.14708706736564636
0.2832779586315155
0.3998449444770813
0.144400492310524
0.14418774843215942
0.2554120421409607
0.37263280153274536
0.16480788588523865
0.25761231780052185
0.16279006004333496
0.16934098303318024
0.1668318659067154
0.1995726078748703
0.17287760972976685
0.19118352234363556
0.3160316050052643
0.14718711376190186
0.18447957932949066
0.21761463582515717
0.20788240432739258
0.14916525781154633
0.105008065700531
0.14112235605716705
0.12802459299564362
0.22852085530757904
0.13765110075473785
0.11765939742326736
0.13850878179073334
0.1699223667383194
0.24010491371154785
0.25960251688957214
0.1955840140581131
0.12015731632709503
0.12061213701963425
0.105674147605896
0.2580054700374603
0.21656709909439087
0.21326015889644623
0.5424391031265259
0.19112658500671387
0.3408092260360718
0.28928595781326294
0.1937086284160614
0.12707820534706116
0.23930718004703522
0.13289456069469452
0.31029582023620605
0.21282747387886047
0.2672395706176758
0.3308629095554352
0.21070073544979095
0.1728266328573227
0.12426405400037766
0.30771496891975403
0.11410323530435562
0.2763131260871887
0.11655537784099579
0.16097691655158997
0.1447402983903885
0.267348051071167
0.2330770045518875
0.1890867054462433
0.13416233658790588
0.2396925985813141
0.2535507082939148
0.3133663237094879
0.14809998869895935
0.22062131762504578
0.16191555559635162
0.11880593746900558
0.13774049282073975
0.3673602044582367
0.19930928945541382
0.1425793170928955
0.17146036028862
0.1183227151632309
0.14096291363239288
0.15334603190422058
0.268099844455719
0.15238022804260254
0.2580631971359253
0.16986531019210815
0.23812665045261383
0.14153121411800385
0.23968729376792908
0.11221922188997269
0.15787523984909058
0.2863691747188568
0.22887736558914185
0.17396527528762817
0.15005043148994446
0.15472015738487244
0.20727702975273132
0.28635165095329285
0.11663758009672165
0.5645034909248352
0.11124658584594727
0.22895430028438568
0.1676463633775711
0.26321476697921753
0.12282484769821167
0.1629646271467209
0.3072959780693054
0.3831130564212799
0.1410646140575409
0.3810948431491852
0.20815134048461914
0.14945347607135773
0.284419983625412
0.1730402708053589
0.13206180930137634
0.1763576716184616
0.1958318054676056
0.214761421084404
0.1630752682685852
0.3279512822628021
0.17174939811229706
0.2400243729352951
0.2813005745410919
0.188156858086586
0.14074617624282837
0.24598334729671478
0.17340080440044403
0.19183999300003052
0.1301407814025879
0.09562232345342636
0.26871320605278015
0.29239732027053833
0.24920006096363068
0.20965443551540375
0.16826395690441132
0.28399166464805603
0.13849776983261108
0.24549178779125214
0.14198312163352966
0.24924348294734955
0.37435492873191833
0.34247735142707825
0.17284107208251953
0.12116388976573944
0.19649432599544525
0.2070722132921219
0.3033331632614136
0.1483658254146576
0.22057531774044037
0.1717253029346466
0.15334364771842957
0.3288021683692932
0.22620202600955963
0.11126755177974701
0.17238160967826843
0.16172432899475098
0.40991273522377014
0.20851904153823853
0.23225434124469757
0.18267707526683807
0.364635705947876
0.20936188101768494
0.1568853259086609
0.15837585926055908
0.1400693953037262
0.34651607275009155
0.19298657774925232
0.16260787844657898
0.33369219303131104
0.17339254915714264
0.26027941703796387
0.20614926517009735
0.11970260739326477
0.13218431174755096
0.2537698447704315
0.21313126385211945
0.4300747513771057
0.23557354509830475
0.18016637861728668
0.24294327199459076
0.36867591738700867
