0.47669920325279236
0.42266932129859924
0.4990832209587097
0.6076231598854065
0.7045587301254272
0.7955209612846375
0.866417407989502
0.9104824066162109
1.1385962963104248
1.1297036409378052
1.2178725004196167
1.3376208543777466
1.5094815492630005
1.4976871013641357
1.4199110269546509
1.5321601629257202
1.720117211341858
1.8458876609802246
1.7323602437973022
1.6513147354125977
1.5925686359405518
1.8389477729797363
1.9411700963974
1.6736606359481812
1.8824219703674316
2.061436414718628
1.840092658996582
1.97907292842865
1.89962899684906
1.6890655755996704
1.7910218238830566
1.7613612413406372
1.8168965578079224
1.8712574243545532
2.304562568664551
1.7624175548553467
2.0440735816955566
1.5103472471237183
1.8191535472869873
1.5598664283752441
1.5933667421340942
1.4730128049850464
1.9122264385223389
1.2222967147827148
1.5274680852890015
1.6883710622787476
1.496933937072754
1.0423998832702637
1.2306698560714722
0.9138495922088623
1.6117929220199585
1.2772345542907715
1.125147819519043
1.2449951171875
1.0976635217666626
1.380024790763855
1.599036455154419
1.1795024871826172
1.174381971359253
1.036534070968628
0.8641538023948669
0.9996722936630249
1.0252840518951416
1.2610576152801514
1.8808679580688477
0.7296620011329651
0.9529348015785217
0.9820895791053772
1.1353754997253418
0.8917786478996277
1.4480681419372559
0.7717604637145996
0.5608694553375244
1.5053294897079468
1.1535639762878418
0.9200167059898376
1.0917567014694214
0.929477334022522
0.8521279096603394
1.0063151121139526
1.2760541439056396
0.7097720503807068
1.1756397485733032
0.7433104515075684
1.4597251415252686
0.9909651279449463
1.520103096961975
0.6743787527084351
0.7837852835655212
0.7330306172370911
1.0937294960021973
1.0125607252120972
0.9238847494125366
0.7014008164405823
1.0670363903045654
1.420119285583496
0.8555168509483337
1.2182238101959229
1.1394143104553223
0.8386291861534119
0.8468256592750549
1.1873985528945923
0.883600115776062
1.161678671836853
1.0718634128570557
1.024154543876648
0.790526270866394
1.0504544973373413
0.986840009689331
1.6571615934371948
1.2872544527053833
1.1674147844314575
0.8323946595191956
0.8950011730194092
0.9133918285369873
0.9921181797981262
0.6985940337181091
1.6907254457473755
0.5334354043006897
0.6580803394317627
1.1892706155776978
1.486354112625122
1.0492850542068481
1.0444165468215942
0.9941560626029968
0.9633253216743469
1.5020205974578857
0.6604732275009155
0.7655941843986511
1.3665988445281982
1.0817756652832031
0.8389808535575867
1.3863378763198853
1.0985395908355713
0.9101743698120117
0.9839678406715393
0.8156394958496094
0.800202488899231
1.7597218751907349
1.015208125114441
0.9795370101928711
0.9234344959259033
0.8701919913291931
0.6863197088241577
0.9667825102806091
0.9694267511367798
0.6712696552276611
0.696185290813446
1.0736396312713623
1.666776180267334
1.1330269575119019
0.7648041844367981
0.8572409152984619
0.7823291420936584
0.6529598832130432
0.5631424784660339
0.6803902387619019
0.5760909914970398
0.7562905550003052
0.6415227651596069
1.2685649394989014
0.897392749786377
0.474239706993103
0.8705182075500488
0.7113756537437439
1.0567435026168823
0.7440546751022339
1.359636664390564
0.6714075207710266
0.6200782060623169
0.8297702670097351
0.5768832564353943
0.6366943120956421
0.84731125831604
1.2810505628585815
0.8091534376144409
0.7459731698036194
0.959250807762146
1.0102875232696533
1.0184179544448853
0.9636461734771729
0.5388818383216858
0.8135324716567993
0.7472066283226013
0.8617340922355652
0.8015398979187012
1.0350648164749146
0.90575110912323
0.7801212072372437
0.8426738977432251
0.6809145212173462
1.0059453248977661
0.832840085029602
0.8113493919372559
0.676676332950592
0.9913161993026733
0.8009477257728577
0.86454176902771
0.7156848907470703
1.055632472038269
0.5373659729957581
0.744897186756134
0.7022902369499207
0.728100061416626
0.7033907771110535
0.6247161030769348
1.048359990119934
0.6768398880958557
0.7343315482139587
1.0357506275177002
0.5916739106178284
0.6274415850639343
1.0977106094360352
0.594466507434845
0.7328498363494873
0.5869624614715576
0.6146716475486755
0.8763002157211304
0.8220844864845276
0.8530627489089966
0.6527750492095947
0.5810536742210388
0.9931285381317139
0.6613758206367493
0.700478196144104
0.7331096529960632
0.7770274877548218
0.6231852173805237
0.6417964696884155
0.948418378829956
0.7317476272583008
0.9317169189453125
1.0098628997802734
0.7710182070732117
0.9071747660636902
0.7845081090927124
0.8550795316696167
0.802149772644043
0.634135901927948
0.8432754874229431
0.6487634778022766
0.5545141100883484
0.7697151303291321
0.8166422247886658
0.6527643799781799
0.8231409788131714
0.6871241331100464
1.2505611181259155
0.7629868388175964
0.7459481954574585
0.7678351402282715
0.812180757522583
0.8002917170524597
0.7608769536018372
0.7021006941795349
0.6281152367591858
0.6451980471611023
0.7484105825424194
1.0425853729248047
0.5990808010101318
0.5952411890029907
0.7790893912315369
0.9499951004981995
0.9811255931854248
0.7154104709625244
0.8208405375480652
0.7015509009361267
0.6932214498519897
0.536868155002594
0.5071016550064087
0.7339575290679932
0.7596412301063538
0.6457221508026123
1.16154146194458
0.4948700964450836
1.1041259765625
0.6836060881614685
0.6135467290878296
0.9920644164085388
0.6920230984687805
0.6712671518325806
1.3757352828979492
0.8443127870559692
0.47612684965133667
0.8074073195457458
0.5535588264465332
0.6806702017784119
0.8079516887664795
0.8501573801040649
0.505677342414856
0.6415898203849792
0.8819381594657898
1.1912221908569336
0.552165150642395
0.5722617506980896
0.9384438395500183
0.7107959389686584
0.6517684459686279
0.756604015827179
0.6065787076950073
0.5696606040000916
0.728553831577301
0.3693059980869293
0.739020824432373
0.7567470073699951
0.5410820841789246
0.5819860100746155
1.0245091915130615
0.503739595413208
0.7924301624298096
0.6523796319961548
0.9203048348426819
0.9477980136871338
0.8205999135971069
0.536353349685669
0.5454421043395996
0.7087416648864746
0.706616222858429
0.4586111009120941
0.6122101545333862
0.45902031660079956
0.614510178565979
0.5087360143661499
0.486280620098114
0.5696115493774414
0.5758445262908936
0.9184475541114807
0.9564356207847595
0.7243064641952515
0.7817597389221191
1.0497924089431763
0.7439900040626526
0.5643779039382935
0.745737612247467
0.5465823411941528
0.42331942915916443
0.5478265881538391
0.5801923871040344
0.4665789008140564
0.705536425113678
0.8122507333755493
0.40368425846099854
0.737675666809082
0.38504156470298767
0.38309022784233093
1.011091947555542
0.6096639633178711
0.5210583806037903
0.6059376001358032
0.7497360706329346
0.4643750488758087
0.6236298680305481
0.7455654144287109
0.7427121996879578
0.9808357954025269
0.5618647933006287
0.9853391051292419
0.6024794578552246
0.6084950566291809
0.821674108505249
0.4593088626861572
0.5637744069099426
0.6055477261543274
0.8494386076927185
0.6080166101455688
0.6217414140701294
0.5817552804946899
0.6999455690383911
0.8562874794006348
1.0375984907150269
0.4883072078227997
0.757475733757019
0.6916517615318298
0.8730667233467102
0.5576214790344238
0.5284015536308289
0.7995814085006714
0.5888014435768127
1.0158889293670654
0.6201717853546143
0.8709375858306885
0.8227201700210571
0.9748807549476624
0.8399893045425415
0.47124427556991577
0.6451725959777832
0.7099629044532776
0.7279136776924133
0.51174396276474
0.6166380643844604
0.6722967624664307
0.5242000222206116
0.8024090528488159
0.6832083463668823
0.9808961749076843
0.6892678141593933
0.6067209839820862
0.6345140933990479
0.4561680853366852
0.8926782608032227
0.7873302102088928
0.5069149136543274
0.8473042249679565
0.4413366913795471
0.430309534072876
0.6384345293045044
0.8515288829803467
0.6875417828559875
0.6959744691848755
0.4588174521923065
0.6692978739738464
0.4529978334903717
0.6185156106948853
0.8152669072151184
0.6163976192474365
0.49179431796073914
0.6240893006324768
0.606650710105896
0.415400892496109
0.37178200483322144
0.5855079889297485
0.6177921891212463
0.7469044327735901
0.5504885315895081
0.605932891368866
1.4289032220840454
0.5930995345115662
0.6855056285858154
0.8808132410049438
0.7116450071334839
0.4944166839122772
0.3505331873893738
1.0428091287612915
0.8216713666915894
0.8805205821990967
0.6272063255310059
0.7562221884727478
0.5141504406929016
0.8860403895378113
1.0509692430496216
1.057169795036316
0.6446784734725952
0.5975161790847778
0.59930819272995
0.4982609152793884
0.8692785501480103
0.9625587463378906
0.5494446754455566
0.557157039642334
0.6961553692817688
0.8168357610702515
0.6190556287765503
0.7996059656143188
0.5916222333908081
0.6231284737586975
0.6711006760597229
0.8424213528633118
0.7790284156799316
0.5604935884475708
0.5670591592788696
0.6083885431289673
0.7133113741874695
0.5793187618255615
0.46591898798942566
0.5259379148483276
0.4764348864555359
0.6885915994644165
0.538884699344635
0.6963884830474854
0.47766441106796265
0.454041451215744
0.4317801892757416
0.577663004398346
0.4915851652622223
0.7652771472930908
0.5202189087867737
0.7294163107872009
0.4260304570198059
0.614074170589447
0.4232742190361023
0.5887624621391296
0.616534411907196
0.8000255823135376
0.5218134522438049
0.7294583916664124
0.5233762264251709
0.6109368205070496
0.7377592921257019
0.3769133687019348
0.4612291157245636
0.5623957514762878
0.47568729519844055
0.5555749535560608
0.6759124994277954
0.542271614074707
0.5568569302558899
0.6449641585350037
0.7572327256202698
0.8044775724411011
0.9318628907203674
0.5262765288352966
0.564504861831665
0.7164640426635742
0.47415903210639954
0.3502848148345947
0.5231676697731018
0.709679126739502
0.48899874091148376
0.6280604004859924
0.662835955619812
0.7003321647644043
0.4772060215473175
0.9250168204307556
0.5382922291755676
0.4044296443462372
0.5638158321380615
0.7786595225334167
0.35723254084587097
0.8067202568054199
0.6718086004257202
0.6962790489196777
0.7248976230621338
0.6068337559700012
0.45630165934562683
0.8921814560890198
0.576016366481781
0.8848363757133484
0.6356108784675598
0.7704476118087769
0.6588427424430847
0.6776335835456848
0.6368651390075684
0.7521859407424927
0.8670555949211121
0.8094000220298767
0.5667702555656433
0.5101498961448669
0.6399755477905273
0.5179318785667419
0.5066424012184143
0.5856800079345703
0.47764691710472107
0.6162769794464111
0.6912099123001099
0.6009949445724487
0.5428982973098755
0.503117024898529
1.0242657661437988
0.5518048405647278
0.4555388391017914
0.688632071018219
1.111725091934204
0.4662337005138397
0.5712528228759766
0.6026391386985779
0.5756357312202454
0.9236624836921692
0.5481206178665161
0.568349301815033
0.6110056042671204
0.7268363237380981
0.7068047523498535
0.715614378452301
0.8544431924819946
0.4160664975643158
0.5093691349029541
0.46852970123291016
0.5421685576438904
0.497691810131073
0.5491216778755188
0.6066551804542542
0.7230942249298096
0.5423455834388733
0.586258590221405
0.508854329586029
0.41717201471328735
0.39079660177230835
0.49535074830055237
0.674018919467926
1.0481101274490356
0.8930965662002563
0.6342790722846985
0.575581967830658
0.7102662324905396
0.6854400634765625
0.8251792192459106
1.0412286520004272
0.6202078461647034
0.556742787361145
0.5764703154563904
0.35673248767852783
0.581547200679779
0.5290579199790955
0.4449508488178253
0.6832728385925293
0.4218154847621918
0.6926243901252747
0.48074817657470703
0.6342304348945618
0.6915543079376221
0.5071921944618225
0.7755731344223022
0.5425575971603394
0.37961581349372864
0.6355636715888977
0.5020647048950195
0.5048478245735168
0.8490810990333557
0.3490716516971588
0.509615957736969
0.6329396367073059
0.7799843549728394
0.5855089426040649
0.5699475407600403
0.7429344654083252
0.6991414427757263
0.5055652856826782
0.46112316846847534
0.5492591261863708
0.47922244668006897
0.5454350709915161
0.3650212585926056
0.39114508032798767
0.6281946301460266
0.4257188141345978
0.5383555293083191
0.7094364762306213
0.44125381112098694
0.3596658408641815
0.6626238822937012
0.5866932272911072
0.46724289655685425
0.5191994309425354
0.5487815141677856
0.4319738447666168
0.7326247096061707
0.43130558729171753
0.6286083459854126
0.7401586771011353
0.8633395433425903
0.682772159576416
0.8509331941604614
0.8120537400245667
0.6109532117843628
0.5349550843238831
0.6455684304237366
0.8634970784187317
0.657241702079773
0.6610457897186279
0.6346167922019958
0.6723990440368652
0.7658721804618835
0.6912120580673218
0.41276487708091736
0.4652387797832489
0.6772511005401611
0.6425684690475464
0.8313220739364624
0.3054576516151428
0.6202954053878784
0.5339749455451965
0.5344366431236267
0.45789197087287903
0.8954601287841797
0.4186319410800934
0.7833941578865051
0.48010361194610596
0.42464491724967957
0.7039138078689575
0.7594178915023804
0.5396950244903564
0.3828875720500946
0.5517340898513794
0.6981275677680969
0.6313292384147644
0.6043515205383301
0.6700184941291809
0.48045793175697327
0.5822244882583618
0.5328189134597778
0.5827720761299133
0.5658876895904541
0.5182697772979736
0.4223848581314087
0.29983454942703247
0.5040149688720703
0.47779548168182373
0.6593266725540161
0.6042780876159668
0.44094714522361755
0.4620254933834076
0.5527188181877136
1.0104438066482544
0.6199925541877747
0.6045096516609192
0.4024675190448761
0.6343455910682678
0.5295414924621582
0.40480053424835205
0.6962729096412659
0.6098596453666687
0.5281020998954773
0.45744308829307556
0.4796261787414551
0.3478195071220398
0.6459445357322693
0.598402202129364
0.754643440246582
0.36363649368286133
0.40637412667274475
0.6977484822273254
0.8676108121871948
0.8277583718299866
0.6246365904808044
0.45578110218048096
0.9394744038581848
0.5958120226860046
0.6268483400344849
0.6547558307647705
0.6549525260925293
0.46360743045806885
0.5591455101966858
0.8069421052932739
0.6209902167320251
0.4481351673603058
0.4113667607307434
0.35482755303382874
0.4595842957496643
0.4277685284614563
0.3937194049358368
0.47692713141441345
0.4959268271923065
0.9364858865737915
0.5448834896087646
0.4683270752429962
0.6582250595092773
0.39666128158569336
0.5870354771614075
0.472425252199173
0.6682882905006409
0.5129826664924622
0.5549245476722717
0.6255372166633606
0.5783669352531433
0.6054419279098511
0.4005576968193054
0.3992440700531006
0.7658238410949707
0.4498322904109955
0.32955044507980347
0.6160317659378052
0.5780646800994873
0.5463538765907288
0.4906338155269623
0.3937131464481354
0.395868182182312
0.46974340081214905
0.48126718401908875
0.6200351119041443
0.3941940665245056
0.5157487392425537
0.3463606834411621
0.7896015644073486
0.5704972147941589
0.9212393164634705
0.45992279052734375
0.39217427372932434
0.3728393614292145
0.4027535915374756
0.573943555355072
0.5082185864448547
0.7748139500617981
0.6487102508544922
0.4088165760040283
0.6109575033187866
0.5509620308876038
0.6113590598106384
0.6518468260765076
0.48244509100914
0.7244109511375427
0.7571515440940857
0.4452534317970276
0.6618347764015198
0.36516663432121277
0.6406289339065552
0.7573718428611755
0.47010868787765503
0.615680992603302
0.7118561863899231
0.5167674422264099
0.4866505265235901
0.5997273921966553
0.3450961709022522
0.366504043340683
0.7024340629577637
0.8936898708343506
0.7313374280929565
0.6942133903503418
0.6361768841743469
0.5269291996955872
0.4592228829860687
0.8561206459999084
0.46779948472976685
0.9057482481002808
0.7461738586425781
0.5489882826805115
0.6038385629653931
0.5966857075691223
0.45614469051361084
0.3792194426059723
0.4332554042339325
0.7760176062583923
0.4000161588191986
0.4022129476070404
0.4395805597305298
0.5219788551330566
0.4411490261554718
0.4459497928619385
0.6436807513237
0.7232020497322083
0.5044736862182617
0.43619316816329956
0.315012127161026
0.319565087556839
0.4791472256183624
0.4827755391597748
0.4719266891479492
0.5103601813316345
0.526023268699646
0.5740798711776733
0.4101637899875641
0.43466717004776
0.40250223875045776
0.4991569519042969
0.7286468744277954
0.4117448031902313
0.5957431197166443
0.40263697504997253
0.49943286180496216
0.4377991557121277
0.6233536601066589
0.4864191710948944
0.5013387799263
0.5900512933731079
0.5463800430297852
0.34296053647994995
0.5134751200675964
0.5439858436584473
0.502697229385376
0.3967207968235016
0.37906894087791443
0.44525617361068726
0.4778062701225281
0.745246946811676
0.4892783761024475
0.43210262060165405
0.5779513716697693
0.5985363125801086
0.48248371481895447
0.46938514709472656
0.6343148350715637
0.38007521629333496
0.6855789422988892
0.32457318902015686
0.3473679721355438
0.37044861912727356
0.7766977548599243
0.5204195976257324
0.4276501536369324
0.33127152919769287
0.6044524312019348
0.43645769357681274
0.44722214341163635
0.40570223331451416
0.6246519088745117
0.49267905950546265
0.38090816140174866
0.5226115584373474
0.4796831011772156
0.4604591131210327
0.682056188583374
0.46046191453933716
0.5638548135757446
0.7911425828933716
0.38221275806427
0.7053255438804626
0.5946475267410278
0.46023643016815186
0.40639325976371765
0.6051673889160156
0.6773268580436707
0.4993644058704376
0.4295705258846283
0.4213535487651825
0.3244251608848572
0.7076849937438965
0.5677161812782288
0.5818110704421997
0.5516812205314636
0.39153149724006653
0.3642284572124481
0.4300377070903778
0.4319842755794525
0.5377814173698425
0.38964226841926575
0.46496960520744324
0.37957432866096497
0.3819502294063568
0.5557231903076172
0.7286424040794373
0.440522700548172
0.5949113965034485
0.5560142993927002
0.549938976764679
0.4437766373157501
0.4348520040512085
0.3524329960346222
0.5060403347015381
0.46157002449035645
0.5680652260780334
0.5086734294891357
0.5061736702919006
0.3720873296260834
0.3747740089893341
0.46806126832962036
0.40732526779174805
0.28097718954086304
0.6631253957748413
0.45844754576683044
0.49866917729377747
0.4727533757686615
0.4326562285423279
0.5628883242607117
0.718283474445343
0.5647405385971069
0.357623428106308
0.3767998516559601
0.32595980167388916
0.6543769240379333
0.40668338537216187
0.43616849184036255
0.5078486800193787
0.41676121950149536
0.43095290660858154
0.44330036640167236
0.4084956645965576
0.5147301554679871
0.5633577108383179
0.40429800748825073
0.433322548866272
0.6516065001487732
0.413821280002594
0.44426384568214417
0.4428235590457916
0.39038172364234924
0.31387317180633545
0.4723890721797943
0.38087770342826843
0.5234761834144592
0.40728700160980225
0.3246125876903534
0.7130321860313416
0.6177745461463928
0.6457398533821106
0.4174056053161621
0.4010659158229828
0.39442044496536255
0.316320538520813
0.5487521290779114
0.4089617133140564
0.33967211842536926
0.5974776744842529
0.41020211577415466
0.30149132013320923
0.36475756764411926
0.5262860655784607
0.49708086252212524
0.8836735486984253
0.7267665266990662
0.36384159326553345
0.407139390707016
0.35879918932914734
0.45906224846839905
0.3551667034626007
0.3736308515071869
0.4008174240589142
0.43565160036087036
0.6287928223609924
0.4998704195022583
0.4466877281665802
0.5888225436210632
0.6155224442481995
0.3925486207008362
0.5091953873634338
0.4444118142127991
0.48757269978523254
0.612946629524231
0.4144977927207947
0.44518741965293884
0.5683784484863281
0.5065708756446838
0.5591984987258911
0.4608457386493683
0.4079771339893341
0.419551819562912
0.6150922179222107
0.4112878441810608
0.40410929918289185
0.6096798777580261
0.524224579334259
0.38849321007728577
0.539989173412323
0.37158048152923584
0.35493016242980957
0.7720122933387756
0.542364239692688
0.5973201394081116
0.4587330222129822
0.6948579549789429
0.4044764041900635
0.5427087545394897
0.6084428429603577
0.460416704416275
0.4398551881313324
0.40418729186058044
0.43999406695365906
0.4074498116970062
0.431015282869339
0.4448700249195099
0.5097023844718933
0.36211642622947693
0.3205825686454773
0.5964565873146057
0.4110533893108368
0.4692365825176239
0.7680484056472778
0.6056560277938843
0.5948988199234009
0.5212610960006714
0.44797006249427795
0.6602028608322144
0.6945746541023254
0.7757688760757446
0.46132972836494446
0.28229227662086487
0.49866974353790283
0.3281556963920593
0.48875752091407776
0.5199215412139893
0.5741760730743408
0.44437628984451294
0.3406062126159668
0.35398417711257935
0.33109673857688904
0.7695288062095642
0.4144408702850342
0.38392525911331177
0.41944196820259094
0.39925074577331543
0.4845486879348755
0.45280176401138306
0.3815186619758606
0.3241085112094879
0.6121662259101868
0.45943477749824524
0.42685794830322266
0.5484048128128052
0.3041137456893921
0.358837753534317
0.4237510561943054
0.3576555848121643
0.6991732716560364
0.3273109793663025
0.4551301598548889
0.3411796987056732
0.330975741147995
0.48384788632392883
0.4251270294189453
0.5802251696586609
0.39787551760673523
0.4620469808578491
0.4964873790740967
0.5430086255073547
0.38364627957344055
0.49657362699508667
0.7840242981910706
0.4898947775363922
0.2862311899662018
0.4655088484287262
0.34917911887168884
0.45958977937698364
0.48964715003967285
0.5912553071975708
0.4579939544200897
0.5221161842346191
0.5133315324783325
0.44249075651168823
0.31650078296661377
0.520664393901825
0.5983744859695435
0.39719337224960327
0.582353413105011
0.5994293689727783
0.3828428387641907
0.48338988423347473
0.44406670331954956
0.35914772748947144
0.5695923566818237
0.8694218397140503
0.6731573939323425
0.46342241764068604
0.4980495572090149
0.6769484281539917
0.42190223932266235
0.6828899383544922
0.8173313140869141
0.3960801362991333
0.47219589352607727
0.45461153984069824
0.47735705971717834
0.42787593603134155
0.43496331572532654
0.6432251334190369
0.3614612817764282
0.4773818254470825
0.6080366969108582
0.2892197072505951
0.3111642301082611
0.4001062512397766
0.44502222537994385
0.5295400023460388
0.40713268518447876
0.34966447949409485
0.26931798458099365
0.4316445291042328
0.4932846128940582
0.36386290192604065
0.4535624384880066
0.5570558905601501
0.3416696786880493
0.4942159354686737
0.9141166806221008
0.4614735245704651
0.726825475692749
0.6361979246139526
0.8327770233154297
0.28789588809013367
0.4229416847229004
0.48204484581947327
0.4075899124145508
0.4483890235424042
0.7030090093612671
0.4814111590385437
0.44331640005111694
0.37426328659057617
0.4046303629875183
0.49509310722351074
0.5684714913368225
0.3519081175327301
0.5799596309661865
0.38909679651260376
0.5075108408927917
0.43561410903930664
0.45242321491241455
0.611420214176178
0.6503480076789856
0.766924262046814
0.6595571637153625
0.4928439259529114
0.36426302790641785
0.5053253173828125
0.5347748398780823
0.40737494826316833
0.49798235297203064
0.3431682884693146
0.584938645362854
0.621051013469696
0.38627293705940247
0.39869096875190735
0.43710029125213623
0.5046207904815674
0.6062123775482178
0.4420318603515625
0.5812408924102783
0.38562843203544617
0.5226666331291199
0.3033730089664459
0.3550024628639221
0.4544442594051361
0.44792118668556213
0.6743708848953247
0.5887163281440735
0.45293059945106506
0.5293692946434021
0.5949715971946716
0.4124535024166107
0.38084110617637634
0.293899267911911
0.42909741401672363
0.3827670216560364
0.3881078064441681
0.36104321479797363
0.37946438789367676
0.4427955746650696
0.35674238204956055
0.9127258062362671
0.5126368403434753
0.5165482759475708
0.40606576204299927
0.4834313988685608
0.3516007363796234
0.39544039964675903
0.4598250389099121
0.5161558389663696
0.29881930351257324
0.42253929376602173
0.7829160094261169
0.5031577944755554
0.4947548508644104
0.3715289533138275
0.4678826928138733
0.7386533617973328
0.21612878143787384
0.4421027600765228
0.4414692521095276
0.4728991687297821
0.5003681778907776
0.5545090436935425
0.5521634817123413
0.4587300419807434
0.43213123083114624
0.44697922468185425
0.347657710313797
0.443786084651947
0.48825132846832275
0.4083382785320282
0.40562155842781067
0.7427791953086853
0.47255048155784607
0.48242995142936707
0.32581034302711487
0.5109881162643433
0.3115352392196655
0.5125013589859009
0.4544790983200073
0.5057316422462463
0.60757976770401
0.43243706226348877
0.5217999219894409
0.4243186414241791
0.3959725499153137
0.3154524266719818
0.5227941870689392
0.34859031438827515
0.8564180731773376
0.5692000985145569
0.7098004817962646
0.5388041734695435
0.4455670118331909
0.3822927176952362
0.7307382225990295
0.5364808440208435
0.4774448275566101
0.5136725306510925
0.5566145777702332
0.4891396164894104
0.6022562384605408
0.6460102200508118
0.3040839433670044
0.46018630266189575
0.5120705366134644
0.47634896636009216
0.4939126968383789
0.5979008674621582
0.33225011825561523
0.48368778824806213
0.5249556303024292
0.5580946207046509
0.37903377413749695
0.37227925658226013
0.5668267607688904
0.6206968426704407
0.9185006618499756
0.43133512139320374
0.6126419901847839
0.41242697834968567
0.49916964769363403
0.36083558201789856
0.3330540955066681
0.5151247382164001
0.5506463646888733
0.6800358295440674
0.7304002642631531
0.4583113193511963
0.9844816327095032
0.6974581480026245
0.6920258402824402
0.45809510350227356
0.439424067735672
0.43300628662109375
0.5716801285743713
0.5164423584938049
0.47982946038246155
0.7804600596427917
0.7117950916290283
0.3581792116165161
0.4551006257534027
0.31675058603286743
0.47495946288108826
0.44602298736572266
0.7001909613609314
0.5262622237205505
0.38965657353401184
0.38018912076950073
0.2871077358722687
0.5101065635681152
0.7143199443817139
0.2874240279197693
0.4018681049346924
0.37061670422554016
0.4649134576320648
0.4450041353702545
0.5269405841827393
0.43870559334754944
0.5027474164962769
0.3470834195613861
0.9470469951629639
0.3931465148925781
0.6588939428329468
0.6443848609924316
0.4362502992153168
0.5998813509941101
0.41362011432647705
0.5946400761604309
0.558067262172699
0.3735557496547699
0.6465813517570496
0.7148123383522034
0.5585671663284302
0.6528462171554565
0.7583398222923279
0.33004069328308105
0.4104371964931488
0.5420979261398315
0.36203354597091675
0.4862299859523773
0.5891952514648438
0.4549397826194763
0.5996918082237244
0.3920476734638214
0.4148358702659607
0.5059006810188293
0.3524515926837921
0.45428192615509033
0.5669627785682678
0.43809041380882263
0.37375959753990173
0.6086840629577637
0.43225476145744324
0.297314316034317
0.42928627133369446
0.5366169214248657
0.625263512134552
0.3926963210105896
0.33151954412460327
0.3084377348423004
0.575925886631012
0.3599593937397003
0.43217727541923523
0.5463275909423828
0.3386710584163666
0.386630117893219
0.6230129599571228
0.42854011058807373
0.5342919230461121
0.3438517451286316
0.3390176296234131
0.3556153178215027
0.41044139862060547
0.7556590437889099
0.3062053620815277
0.519591212272644
0.4618920087814331
0.4635075032711029
0.513744056224823
0.2548161745071411
0.36853665113449097
0.5519205331802368
0.7846417427062988
0.3895745277404785
0.38657113909721375
0.6808590888977051
0.49132150411605835
0.5586625933647156
0.44147229194641113
0.4072064757347107
0.2429470270872116
0.5138171911239624
0.4615097641944885
0.4782696068286896
0.41108885407447815
0.3664887547492981
0.50506991147995
0.5429829955101013
0.4468034505844116
0.5457093119621277
