1.0465781688690186
2.091183662414551
1.89665949344635
1.929779052734375
1.5751962661743164
1.0095397233963013
1.2167975902557373
1.1873936653137207
1.1107929944992065
1.0261894464492798
1.0399280786514282
0.929875373840332
0.8979418873786926
0.9024493098258972
0.838108479976654
0.8227114677429199
0.8591092228889465
0.8530433773994446
1.0255036354064941
1.0454554557800293
0.8196901679039001
1.2381752729415894
0.8764320015907288
1.3041373491287231
0.8799712061882019
0.8849014639854431
1.038413166999817
1.0697636604309082
0.741131067276001
0.9242052435874939
1.2564879655838013
1.0255262851715088
1.0759758949279785
0.9350327253341675
0.7751950621604919
0.9377949833869934
1.2592413425445557
0.8753823041915894
0.8526840209960938
0.8408735990524292
0.8011463284492493
0.8924611210823059
0.9122878313064575
0.8620024919509888
1.104832649230957
0.7687733173370361
0.8445016741752625
0.9457541704177856
0.8372247815132141
0.787431538105011
0.7588861584663391
0.8739966154098511
0.8405466675758362
1.0260206460952759
0.8183758854866028
0.8502377271652222
1.0094953775405884
0.7653143405914307
0.7584661841392517
0.8528193831443787
0.8510628342628479
1.0989941358566284
0.9979602098464966
0.8020373582839966
0.914204478263855
1.0561504364013672
0.8470031023025513
0.7459980845451355
0.8343020677566528
0.7112788558006287
0.748404860496521
0.7901135683059692
0.725663423538208
0.8628519177436829
0.8834326863288879
0.7624818682670593
0.7681665420532227
1.0316674709320068
0.8994230628013611
0.7824918627738953
0.8951206207275391
0.7722880244255066
0.8285260796546936
1.2636942863464355
0.7706789374351501
0.8999069333076477
0.7977246046066284
0.7947277426719666
0.8458426594734192
0.7936369776725769
0.8309615850448608
0.9414194226264954
0.9195650815963745
0.8932796120643616
0.6886017918586731
0.7651656270027161
0.9883273243904114
1.1595711708068848
0.8164086937904358
0.9540145993232727
1.2611173391342163
0.956401526927948
0.7665632963180542
1.2581678628921509
0.9609753489494324
1.0123975276947021
0.9783316850662231
0.7787553071975708
1.1092787981033325
1.173221468925476
0.8703444004058838
0.8307620286941528
0.8639186024665833
1.0098854303359985
1.100150465965271
1.2630650997161865
0.8360362648963928
0.8478996753692627
0.8997586369514465
0.8252208828926086
0.8331789374351501
0.791888952255249
0.7955107092857361
0.9055529832839966
0.8154919743537903
0.9201010465621948
0.8198485970497131
1.2466062307357788
0.9227924346923828
1.0728302001953125
0.7788111567497253
0.8424376249313354
0.8759498000144958
0.8059828877449036
0.7554610371589661
0.7735757827758789
0.8177335858345032
0.9259304404258728
0.8813700675964355
0.8828386068344116
0.7134569883346558
0.8929231762886047
0.8139638900756836
0.5366726517677307
0.8593875169754028
0.8454135060310364
0.9124931693077087
1.08319091796875
0.8917537331581116
0.7563803195953369
0.7790135741233826
0.7969658374786377
1.245399832725525
0.895743191242218
0.9706060886383057
0.806594967842102
0.7285931706428528
0.7676732540130615
0.8374879956245422
0.9277284741401672
0.7498956322669983
0.8593844175338745
0.8433182239532471
0.6661282777786255
0.8925598859786987
0.8680428266525269
0.7034393548965454
0.7639245390892029
0.7915762662887573
0.8657975792884827
0.8497854471206665
0.8802366256713867
0.7978029251098633
0.7263624668121338
0.8235626816749573
0.7982912659645081
0.7077347040176392
1.1377298831939697
1.0558069944381714
0.9091945290565491
0.7709053158760071
0.8177800178527832
0.9154567718505859
0.7412212491035461
0.8032413125038147
0.8798390626907349
0.8694832921028137
1.035573959350586
0.8588739633560181
0.895447850227356
1.2480539083480835
0.8740776777267456
1.2418813705444336
0.767187237739563
0.7944177389144897
0.8687331080436707
0.8239059448242188
1.0544301271438599
0.9445593953132629
0.7229948043823242
0.8077965974807739
0.9344185590744019
0.9035922288894653
0.8719800114631653
0.8565124869346619
1.0987217426300049
0.782640278339386
0.8411038517951965
0.7515442967414856
0.7068095207214355
0.7072710394859314
1.141869068145752
0.9181073307991028
0.7290323376655579
0.8407183885574341
0.7486540675163269
0.8917701840400696
1.0949760675430298
0.7646595239639282
0.6634137630462646
0.9570214152336121
0.8892767429351807
0.8336980938911438
0.9551437497138977
0.8929622769355774
0.7512628436088562
0.7779355049133301
0.8689363598823547
0.7552059292793274
0.8933295011520386
0.8212893009185791
0.8549635410308838
0.797644853591919
0.9236379265785217
0.9111506342887878
0.82784104347229
0.7752565145492554
0.9194361567497253
0.8791683912277222
0.743002712726593
0.8147506713867188
1.0352344512939453
0.8363673090934753
0.8595121502876282
0.7675148248672485
0.711247980594635
0.8320167660713196
0.7631788849830627
0.859919548034668
0.9326008558273315
1.4867254495620728
0.9067490100860596
0.9013881683349609
0.874512791633606
0.8217064738273621
0.8171721696853638
0.8004849553108215
0.8585608601570129
0.8440776467323303
0.878010094165802
0.8862439393997192
0.988582193851471
0.9212315678596497
1.0275112390518188
0.8477094173431396
0.6800337433815002
0.8823919296264648
0.9970763325691223
0.9010610580444336
0.7455547451972961
1.087457299232483
0.7824626564979553
0.7449163794517517
0.967597246170044
0.8815128803253174
0.8386674523353577
0.8776233196258545
0.8050614595413208
1.0247349739074707
0.6686992645263672
0.7781804203987122
0.8029189705848694
1.2439664602279663
0.9167851209640503
0.7969982028007507
1.20948326587677
0.8655841946601868
0.8693114519119263
0.8034379482269287
0.8701096773147583
0.7612566351890564
0.6955161690711975
0.8327045440673828
0.8114193081855774
0.9946911334991455
0.8194764256477356
0.751079261302948
0.8451746106147766
0.8359401822090149
1.0093119144439697
0.8623636960983276
1.1020588874816895
0.7999110221862793
0.8705501556396484
0.8306308388710022
0.8457421064376831
0.8352110385894775
0.9228260517120361
0.9322884678840637
0.8312714695930481
2.298978567123413
0.7673351764678955
0.708221971988678
0.8679439425468445
0.8543561100959778
1.2266712188720703
1.0234605073928833
1.0158780813217163
1.13442063331604
0.9385232925415039
0.8464789986610413
0.8920417428016663
0.9106281399726868
0.8035741448402405
0.7030714750289917
0.7578213810920715
0.8158442378044128
0.823935329914093
0.6045001745223999
0.83547443151474
0.7737473249435425
0.8921648859977722
0.8016359806060791
0.9618452191352844
0.9052098393440247
0.7686266303062439
0.826869010925293
0.8018476963043213
0.9355727434158325
0.7464703917503357
0.8928797841072083
0.9525139331817627
0.8966812491416931
0.9119910001754761
0.912898600101471
0.7508581280708313
0.876430094242096
0.7100662589073181
0.8872330784797668
0.8818542957305908
0.8989357352256775
0.7850118279457092
0.8431534767150879
0.8804708123207092
0.7100117206573486
0.7818053364753723
1.2136493921279907
0.7388690114021301
1.0282551050186157
0.7957723736763
0.6988781690597534
0.8154194951057434
0.8658947944641113
0.7217383980751038
0.8204264044761658
0.7617818713188171
0.7812698483467102
0.7434993386268616
0.8211956024169922
0.7852875590324402
0.9580360054969788
1.0004692077636719
0.6544556021690369
0.9178829193115234
0.9414812922477722
0.8379054069519043
0.9728600382804871
0.7628114819526672
0.8540113568305969
0.7880040407180786
1.283095121383667
0.769550621509552
0.6809249520301819
0.9794567227363586
0.9241331815719604
0.7941035628318787
0.8205569982528687
0.8508689403533936
1.01351797580719
0.8357117772102356
0.9520127177238464
0.9813216328620911
0.7588927745819092
0.7410413026809692
1.013386845588684
0.6714061498641968
0.777242124080658
0.7298455834388733
1.0417890548706055
0.7711477875709534
0.877294659614563
0.7958219647407532
1.0508763790130615
0.7498127818107605
1.0560686588287354
0.7365207672119141
0.7434970140457153
0.866833508014679
1.2208396196365356
0.8817792534828186
0.8860540390014648
0.8244888782501221
0.9023727774620056
0.8527365922927856
1.0623564720153809
0.8826834559440613
0.8210664987564087
0.8314484357833862
0.7729732394218445
0.9436929821968079
0.89511638879776
0.7063527703285217
1.215648889541626
0.8975215554237366
1.046783685684204
0.9202887415885925
0.795075535774231
1.0676037073135376
0.7230764031410217
0.7937736511230469
0.8425329327583313
0.8312103748321533
0.6842976808547974
0.712527871131897
0.8076098561286926
0.8799446225166321
0.8259596228599548
0.7287742495536804
1.0141830444335938
0.6823439002037048
0.8280194401741028
1.095509648323059
1.1800130605697632
0.7697320580482483
1.3445903062820435
1.8581424951553345
0.9542981386184692
0.9715014696121216
0.7757130861282349
1.2439545392990112
0.7567662596702576
0.7679505944252014
0.8933639526367188
0.8106878399848938
0.8761305809020996
0.8366740345954895
0.7259491086006165
0.7399626970291138
0.837938129901886
0.7776584029197693
0.8880071043968201
0.7777886986732483
0.7859132289886475
0.7132288813591003
1.1087760925292969
0.8111966848373413
0.8851394653320312
0.8604154586791992
0.8646175861358643
1.2606947422027588
0.8177979588508606
0.864562451839447
0.9928295612335205
0.8903287053108215
0.7446526288986206
0.8365877270698547
0.8462051749229431
0.8907864689826965
0.7378572821617126
0.7116416096687317
0.9007595181465149
0.75537109375
0.7668905258178711
0.864230751991272
0.9363543391227722
0.789301872253418
0.7299708127975464
0.9246063232421875
0.8451187610626221
1.0287350416183472
0.8517519235610962
0.8071621656417847
0.7990716695785522
0.7981875538825989
0.9490475058555603
0.8501982092857361
1.0851911306381226
0.7844247817993164
0.7727108001708984
0.7906569242477417
0.9196465015411377
0.8210271000862122
0.8537558913230896
0.7964635491371155
0.7491962909698486
0.8788930177688599
0.6830957531929016
0.6794404983520508
0.8066295385360718
0.914074718952179
0.8353124260902405
0.7626510262489319
0.8016034364700317
0.8206594586372375
1.0171713829040527
0.7882687449455261
0.7472690939903259
0.7460007667541504
0.7524818181991577
0.9995373487472534
0.8274103403091431
0.7104167938232422
0.8480220437049866
0.9279686808586121
0.7116523385047913
1.0069891214370728
0.9120021462440491
0.8033564686775208
0.7126124501228333
0.849564254283905
0.8480075001716614
0.9255662560462952
0.9895669221878052
0.9961696267127991
0.7830624580383301
1.3845255374908447
0.7625202536582947
0.7949948310852051
0.8076489567756653
0.988590657711029
1.0787774324417114
0.8355241417884827
0.8066204190254211
0.6757230162620544
0.6640065312385559
0.8160985112190247
1.124203085899353
1.1589831113815308
1.0173214673995972
1.322795033454895
0.7061501741409302
0.7724558711051941
0.6843011379241943
0.944148600101471
0.617584764957428
1.007215142250061
0.8726438879966736
0.7836599946022034
0.8453295826911926
0.7428255081176758
0.8284274339675903
0.9664652943611145
0.8568034768104553
1.2273197174072266
0.7688897252082825
0.8009307980537415
0.9089828133583069
0.7749454975128174
0.7412328720092773
0.7604841589927673
0.8780754208564758
0.8553485870361328
0.769064724445343
1.2209824323654175
0.8719843626022339
0.8241987824440002
0.8588584065437317
0.7615246772766113
0.7669065594673157
0.7519310712814331
0.7619631290435791
0.680579423904419
0.8735231757164001
0.8503544926643372
0.9574220776557922
1.0143295526504517
0.7568297386169434
0.7338087558746338
0.7831223011016846
0.7594560384750366
0.6709980368614197
0.8546499013900757
1.2155945301055908
0.7962874174118042
0.8729496598243713
0.7362644672393799
1.0735865831375122
0.8473288416862488
0.7560353875160217
0.7183873653411865
0.893937885761261
0.7099323272705078
0.7450383305549622
0.9318003058433533
0.7480558753013611
0.7786321043968201
0.7611484527587891
0.8354984521865845
0.8043273091316223
0.7369893193244934
0.8413448333740234
0.8176506757736206
0.8159460425376892
0.7890105843544006
0.8238774538040161
0.7847018837928772
0.7971576452255249
0.7424200177192688
0.7476642727851868
0.786777913570404
0.8701195120811462
1.47206711769104
0.8627132773399353
0.7866310477256775
0.8229897022247314
1.2874138355255127
0.8256437182426453
1.0562082529067993
1.0155361890792847
1.1268173456192017
0.8616067171096802
1.1202970743179321
0.9928989410400391
1.0598888397216797
0.7010395526885986
0.7934834957122803
0.8432539701461792
0.7420938014984131
0.7227080464363098
0.7636359333992004
0.8115909695625305
0.8330737352371216
0.8018273115158081
0.962692141532898
0.7807307839393616
0.9470160007476807
0.8632895350456238
0.8175920844078064
0.9110382795333862
0.9369345903396606
1.034749984741211
0.7843691110610962
0.649796724319458
0.8345510959625244
0.7783753275871277
0.8151230216026306
0.8541547060012817
0.7260026335716248
0.7741502523422241
1.1338214874267578
1.2292453050613403
0.7802699208259583
0.8069199323654175
0.7465975880622864
0.8240526914596558
1.0678247213363647
0.8173300623893738
0.768139660358429
1.0594228506088257
0.8683539628982544
1.13780677318573
0.7719467282295227
0.7141116261482239
0.7639890313148499
0.7001083493232727
0.8701515793800354
0.8589075803756714
0.65127032995224
0.7744854092597961
0.8921072483062744
0.6599532961845398
0.7806609272956848
0.7999391555786133
0.9395149350166321
0.7859423756599426
0.7465186715126038
0.8044030070304871
0.8242800235748291
0.9219046831130981
0.9569678902626038
0.7372896671295166
0.8372337222099304
0.6974925994873047
1.2450270652770996
0.7920116782188416
0.7133669257164001
0.9803709387779236
0.8278317451477051
0.6888211965560913
0.6970708966255188
0.7623045444488525
0.8182763457298279
0.7201530337333679
1.182816982269287
0.7651058435440063
0.7902126312255859
0.917937159538269
0.7773411870002747
0.7240859866142273
0.7610573172569275
0.78375244140625
0.7001120448112488
0.8787598013877869
0.7975315451622009
0.8447121977806091
0.768625795841217
0.7378417253494263
0.8360808491706848
0.964961588382721
0.7094607949256897
0.8754547238349915
0.9826853275299072
1.3047856092453003
0.7761261463165283
0.8613864779472351
0.7193418145179749
0.845414400100708
0.8539307713508606
0.9321649670600891
0.8063405752182007
0.9435747861862183
0.753381073474884
0.7307424545288086
0.9879775643348694
0.822616457939148
0.826938807964325
0.8161265254020691
0.8107114434242249
1.022077202796936
0.7743644118309021
0.9212101697921753
0.7665480971336365
1.3486207723617554
0.8949165344238281
0.8124163746833801
0.9390116930007935
0.8144799470901489
0.7488677501678467
0.9104080200195312
0.8418393135070801
0.8034632205963135
1.0787982940673828
0.9848018288612366
0.82380211353302
0.91899174451828
0.88597172498703
0.8395392298698425
1.1902079582214355
0.7760564088821411
0.7923367619514465
0.9856935143470764
1.0514999628067017
1.0275830030441284
0.7170355319976807
0.9809608459472656
0.8568446636199951
0.7793936133384705
0.8406944274902344
0.9259315133094788
0.9035938382148743
0.6883190274238586
1.0498085021972656
0.8120781183242798
0.8184694647789001
0.7547821402549744
0.817726731300354
0.561314582824707
1.2134062051773071
0.863071858882904
1.059756875038147
0.8279851675033569
0.7865773439407349
0.8315571546554565
0.9689407348632812
1.0564236640930176
0.885037899017334
0.7774021625518799
0.8073313236236572
0.6597755551338196
0.8390640616416931
0.8019669055938721
0.9856792092323303
0.755357027053833
0.66495680809021
1.0731128454208374
1.2247377634048462
0.8026321530342102
0.9586853384971619
0.8613889813423157
0.7715755105018616
0.8474007844924927
0.924139678478241
0.7672940492630005
0.778696596622467
0.8315078020095825
0.7526227831840515
0.8274858593940735
0.9159466624259949
0.9922658205032349
0.8648427128791809
1.2261961698532104
0.9344448447227478
0.9252711534500122
0.8410561680793762
0.9420405626296997
0.7312143445014954
0.8061321377754211
0.819747269153595
0.8324558734893799
0.7739573121070862
0.9358092546463013
0.7296077013015747
0.704914391040802
0.7855396270751953
0.9821352362632751
0.996232807636261
0.9079388380050659
0.7712133526802063
0.8609316945075989
0.7337397336959839
0.8342718482017517
0.7798498272895813
0.7790631055831909
0.9058924913406372
1.1621432304382324
0.7709285020828247
0.836868166923523
0.7003272175788879
0.681573212146759
0.7819777131080627
0.8433148860931396
0.7843388319015503
0.9109164476394653
0.732397198677063
0.7353433966636658
1.1597278118133545
0.8428380489349365
0.7397211790084839
1.4901487827301025
0.7500441074371338
0.8043959736824036
0.7484978437423706
0.7736538052558899
0.7666045427322388
0.7708390355110168
0.7287921905517578
0.8681924939155579
0.9134860634803772
0.7229043245315552
0.840707540512085
0.7848677635192871
1.0446099042892456
0.7505001425743103
1.02206552028656
0.7480159997940063
0.7569680213928223
0.7952593564987183
0.8085703253746033
0.8208048939704895
1.058907389640808
0.7529385685920715
0.9450147747993469
0.7258132100105286
0.9194526672363281
1.2963660955429077
1.143432378768921
0.9185096025466919
0.7222244739532471
0.7918503880500793
0.9105262756347656
0.7214107513427734
0.7290966510772705
0.7591050863265991
0.781920850276947
1.0923633575439453
0.9667189121246338
0.783641517162323
0.908464252948761
0.9921755194664001
0.6991432309150696
0.8028801679611206
0.68183833360672
0.7796522378921509
0.7959591150283813
1.0272985696792603
0.8198735117912292
0.828157365322113
0.9636766910552979
0.788258969783783
0.754498302936554
0.8308031558990479
1.073586344718933
0.9483180642127991
0.8764423727989197
1.0744459629058838
1.1140689849853516
1.4968416690826416
0.7527289986610413
0.7417087554931641
0.7534621357917786
0.8244524002075195
0.8736906051635742
0.6541550159454346
0.839500904083252
0.890142560005188
0.9076610207557678
0.8514670729637146
1.013163447380066
0.9161308407783508
0.7640293836593628
0.9322044849395752
0.8543851971626282
0.8682850003242493
1.201554536819458
0.940104067325592
0.788533627986908
0.6801121234893799
1.004217505455017
1.015565276145935
1.0627609491348267
0.8105535507202148
0.7439126372337341
0.7951743006706238
0.6979596018791199
0.8156853318214417
1.0967901945114136
1.1631555557250977
1.0111640691757202
0.7581740617752075
0.7539018392562866
1.525360107421875
0.9165013432502747
0.7875211834907532
0.8173708319664001
0.8456092476844788
0.9072475433349609
0.713390588760376
1.0224720239639282
0.791459321975708
1.1908472776412964
0.9105017185211182
0.7054827809333801
0.7777099609375
0.8167398571968079
1.0603797435760498
0.7659624218940735
1.0224628448486328
0.9188559055328369
0.7375229001045227
0.8911917209625244
0.7799756526947021
0.7899000644683838
0.8017140626907349
0.8227774500846863
0.9771473407745361
0.7693291306495667
1.192039966583252
0.7800092697143555
1.3300822973251343
0.7648782134056091
0.767182469367981
0.86372309923172
1.0367299318313599
0.7262994050979614
0.7596266269683838
0.8544741272926331
0.8800524473190308
0.8708223700523376
0.794106662273407
0.8206264972686768
0.8317187428474426
0.8071816563606262
0.8584173321723938
0.7240411043167114
0.7766128182411194
0.7569791078567505
0.7797032594680786
0.6885689496994019
1.1161408424377441
0.8056076169013977
0.7551882266998291
0.7188673615455627
0.7690578103065491
1.0809519290924072
0.7495723366737366
0.8333839774131775
0.862080454826355
1.209099531173706
1.0944243669509888
1.015514850616455
0.7404664158821106
0.8540539145469666
0.7302731275558472
0.9597304463386536
1.115734577178955
0.7638465166091919
0.8308761119842529
0.7430680990219116
0.7330091595649719
0.900177001953125
0.6529696583747864
0.717332661151886
0.9204485416412354
0.8170306086540222
0.7655401229858398
0.9875231981277466
0.887096107006073
1.2804032564163208
0.8799582123756409
0.9302566647529602
0.9916002750396729
0.7015522122383118
0.7905339002609253
0.892482340335846
1.2564548254013062
0.7710689902305603
0.8263834118843079
0.7398223876953125
0.7001004815101624
0.8124491572380066
0.9703509211540222
0.9012563824653625
0.9526228308677673
1.0210047960281372
0.8408947587013245
0.7340595722198486
0.7952365875244141
0.7836143970489502
0.7705644369125366
0.9302808046340942
0.9977666139602661
0.7906759977340698
0.8739345073699951
0.666546106338501
0.7629069089889526
0.8852034211158752
0.8883315324783325
0.7518309354782104
0.7766349911689758
0.7387155890464783
0.7846234440803528
0.7486932277679443
1.1798298358917236
0.7327790260314941
0.8271945118904114
0.7140703201293945
0.881119430065155
0.9111841917037964
0.765869140625
0.8095696568489075
0.9049515128135681
0.7738350629806519
0.9055648446083069
1.3348665237426758
0.8106444478034973
0.778540849685669
0.8293522596359253
0.7698026895523071
0.7572440505027771
1.030236840248108
0.8039425015449524
0.8538232445716858
0.824951171875
0.6822697520256042
0.7704183459281921
0.9368119835853577
0.8535411953926086
0.8039149045944214
0.8074110746383667
0.8461822867393494
0.7894347310066223
0.7611837387084961
0.8773829340934753
0.8244485855102539
0.9924136400222778
0.7441495060920715
0.9479357600212097
0.9924576878547668
0.8081861138343811
0.6488553285598755
0.7956113219261169
1.0029877424240112
1.0830377340316772
0.8387039303779602
0.8488186001777649
0.9294562935829163
1.0206260681152344
0.6502742767333984
0.8711772561073303
0.7513093948364258
0.9522281289100647
1.1001008749008179
0.7494219541549683
0.8397257924079895
0.7417685985565186
0.6670181751251221
0.860077440738678
0.9408717751502991
0.8908360600471497
0.7850096225738525
0.8201590180397034
0.7640167474746704
0.8893058896064758
0.8013198971748352
0.827017605304718
0.73388671875
0.8862730264663696
1.0907537937164307
0.8842726945877075
0.9476513266563416
0.8208378553390503
0.7596789002418518
0.7960887551307678
0.7916065454483032
0.6689532399177551
0.8152609467506409
0.9509420394897461
0.7766740918159485
0.8453499674797058
1.0476205348968506
1.0890415906906128
0.8040480017662048
0.7965044379234314
0.7876917719841003
0.7600394487380981
0.7016811966896057
0.9131344556808472
0.8975384831428528
0.7802309393882751
0.7355542778968811
0.9833947420120239
0.824223518371582
0.6465922594070435
1.039717197418213
0.9768689274787903
0.7821871042251587
0.7834903597831726
0.7904270887374878
0.7981826066970825
1.0418668985366821
0.8282617330551147
0.7804737091064453
0.8739244937896729
0.8347833752632141
0.8470901846885681
0.7125951051712036
1.2821024656295776
0.8066298365592957
1.157274842262268
0.7584017515182495
0.8701580762863159
0.7573884129524231
0.7956612706184387
0.7877400517463684
0.8308174014091492
0.8480967283248901
0.6937157511711121
1.0918331146240234
1.046584963798523
0.7494953870773315
1.0711742639541626
0.7781071066856384
0.7519991397857666
0.8674871921539307
0.8727419972419739
1.0064533948898315
0.8848129510879517
0.7798192501068115
0.8089632391929626
0.8598429560661316
0.8647821545600891
1.1881694793701172
0.7839899659156799
0.8365194201469421
0.6606733798980713
0.7727413177490234
0.9611456394195557
0.8173282742500305
0.9810574054718018
0.8639988899230957
0.9256852269172668
0.9388716220855713
0.8378899693489075
0.7118178606033325
0.9280833005905151
1.2008476257324219
0.8936911821365356
0.7849469780921936
0.7431967258453369
0.8862688541412354
0.8141002655029297
1.0374317169189453
0.8813257813453674
0.7890365719795227
0.7715160846710205
0.7874794602394104
0.7723526358604431
0.7517222166061401
0.7462248206138611
0.8677551746368408
0.7835874557495117
1.0736418962478638
0.8006095886230469
0.8297005891799927
1.2105742692947388
1.0241848230361938
1.0271621942520142
1.1501301527023315
0.8062589764595032
0.7707436680793762
0.9351649880409241
0.7694500088691711
0.9395333528518677
0.8041599988937378
0.8186299204826355
0.8113523721694946
0.7397659420967102
0.8764908909797668
0.9414577484130859
1.0300472974777222
0.5578152537345886
0.9339268803596497
0.7690376043319702
0.8304556012153625
0.8932486772537231
0.7313668131828308
0.7981428503990173
0.9182297587394714
0.7492256164550781
0.9384365081787109
0.7502431869506836
0.8021947741508484
0.7423396706581116
0.7661822438240051
0.7038682699203491
0.9710142612457275
0.8221374750137329
0.9357024431228638
0.7760575413703918
0.853341281414032
0.9217020869255066
0.8849273920059204
0.7571377754211426
0.857051432132721
0.7867767810821533
0.7195873260498047
0.7647278904914856
1.1900348663330078
0.7205114364624023
0.8246268033981323
0.7746379375457764
0.9992932081222534
0.7536632418632507
0.8621538877487183
0.8300598859786987
0.7633200883865356
0.857854962348938
1.1916078329086304
1.077148675918579
0.841209352016449
0.7282640933990479
0.7894601821899414
0.727879524230957
0.8815351724624634
0.8216257691383362
0.8612766265869141
0.872875988483429
0.8698686361312866
0.6889126896858215
1.033069372177124
0.8680459260940552
1.0756208896636963
0.9038794636726379
0.749626874923706
1.0727490186691284
0.9951072335243225
0.7542580366134644
0.7422156929969788
1.2341850996017456
1.0210459232330322
0.9620568156242371
0.8439603447914124
0.8518806099891663
0.7079309821128845
0.8994914293289185
0.8626883625984192
0.8560989499092102
1.022157907485962
0.8424456715583801
0.7749877572059631
0.7787362933158875
0.7569769024848938
0.7106658220291138
0.8856483101844788
0.9227082133293152
0.8172576427459717
0.7280286550521851
0.7243655323982239
0.6177323460578918
0.7285460233688354
0.8507424592971802
1.0157009363174438
0.7053190469741821
0.8125427961349487
0.746038019657135
0.8532600998878479
0.7433611750602722
0.9111584424972534
0.8511129021644592
0.6175962090492249
0.8016185760498047
1.0947167873382568
0.878885805606842
1.0460726022720337
0.844929575920105
0.7396665811538696
0.9316608905792236
0.8177724480628967
0.7641962170600891
1.0607495307922363
1.0384902954101562
0.7847232818603516
0.7966101169586182
0.9821845293045044
0.8159438371658325
0.8288000822067261
0.6996381878852844
0.8310011029243469
0.7742365002632141
0.8064093589782715
0.7167693376541138
0.8161028027534485
0.6631652116775513
0.7403143048286438
0.9956122636795044
0.7829007506370544
0.9037696123123169
0.7420969605445862
0.8493014574050903
0.7693861126899719
1.0429190397262573
0.938719630241394
0.9967342019081116
0.7327206134796143
0.7801370024681091
0.7191647291183472
0.781083881855011
0.8387089967727661
0.886883020401001
0.8459510207176208
0.7261728644371033
0.8865684866905212
0.9629499912261963
0.7090136408805847
0.5409395694732666
0.8512110114097595
1.1654964685440063
0.7881339192390442
0.7353075742721558
0.8859954476356506
0.6724342703819275
0.7501081824302673
0.7479766011238098
0.8469847440719604
0.957592785358429
0.9645302891731262
0.9886894226074219
0.8017361760139465
1.0607566833496094
0.9450006484985352
0.8530921339988708
0.72881680727005
1.0894595384597778
1.0968570709228516
1.0283275842666626
0.8381455540657043
0.8735782504081726
0.7935808897018433
0.7997903823852539
0.8403742909431458
0.8450909852981567
0.7927178144454956
0.8703034520149231
0.8713144063949585
0.946717381477356
0.7540856599807739
0.7341456413269043
0.7705234885215759
0.7877616882324219
1.2393449544906616
0.8442683219909668
0.8449282050132751
0.7020459771156311
0.758346438407898
0.8459643125534058
0.8789700269699097
0.9210487008094788
0.8312144875526428
0.8214094042778015
0.7813378572463989
0.9059230089187622
0.7809190154075623
0.7815943956375122
1.0891615152359009
0.7800362706184387
0.6448917388916016
0.7727276682853699
1.7970837354660034
0.7746784687042236
0.9079850316047668
0.9582945704460144
0.7756569981575012
0.9218283891677856
0.7499890923500061
0.7266016006469727
0.8475745320320129
0.7935397028923035
0.8086041212081909
0.7353203296661377
0.7781380414962769
0.779501736164093
0.9177860617637634
0.7551539540290833
0.7712512612342834
0.8981620073318481
0.9836251139640808
0.9075604677200317
0.8251746892929077
0.7054468989372253
0.8647019863128662
0.8683369159698486
1.0700937509536743
0.7908614277839661
0.7730976939201355
0.9048859477043152
0.7852039337158203
0.6899974942207336
0.7919173836708069
0.7228765487670898
0.7676968574523926
0.8917526602745056
0.949548065662384
0.9230959415435791
0.8508213758468628
0.9490326642990112
0.6592673063278198
1.0827946662902832
0.7721624970436096
0.7654056549072266
0.7687795758247375
0.8137843012809753
0.6867883205413818
0.8913919925689697
0.7045310139656067
0.7602757811546326
0.9434043169021606
0.8867194652557373
0.9692092537879944
0.8220372796058655
0.829311192035675
0.7943242192268372
1.2202545404434204
0.7453358769416809
0.7322097420692444
0.9163777232170105
0.6463567614555359
1.3455644845962524
1.193745732307434
0.8874005079269409
1.191101312637329
0.6644715070724487
0.8261452317237854
0.9621949791908264
0.7096603512763977
0.9694105982780457
0.6864607930183411
1.1085717678070068
1.1412674188613892
1.353416085243225
0.7765420079231262
0.7558783292770386
0.7328503131866455
0.8857372403144836
0.9536564946174622
0.8159655332565308
0.7488375306129456
0.8025450110435486
1.14273202419281
0.7664726376533508
0.9345266819000244
0.9328382611274719
1.2960633039474487
0.7964127659797668
0.9533731937408447
0.801182746887207
1.6822620630264282
0.8840367197990417
0.5573369264602661
0.9092841744422913
0.8807857036590576
0.7574189305305481
0.9963136315345764
0.7915434241294861
0.9786716103553772
0.7692705988883972
0.7038402557373047
0.861409604549408
0.7810807824134827
0.8010526895523071
0.777930498123169
0.7431358695030212
0.7982497215270996
0.9925149083137512
0.8148497343063354
1.5081496238708496
0.7393337488174438
0.8315046429634094
1.4986921548843384
0.7531636953353882
0.9842921495437622
0.7951855063438416
0.8402257561683655
1.1285065412521362
0.8396945595741272
0.8318061828613281
0.7813206911087036
0.753828763961792
0.8497483730316162
0.8856520652770996
0.880657434463501
0.9182929992675781
0.7592137455940247
0.7813994288444519
1.1164474487304688
0.7840896844863892
0.9061228632926941
0.7506067752838135
0.832322359085083
0.8635250926017761
0.7102326154708862
0.902502715587616
1.0672287940979004
0.8019319772720337
0.8136420845985413
0.7300539016723633
0.93495774269104
0.8728475570678711
0.8085120916366577
1.238645315170288
0.8434075117111206
0.8127672672271729
0.7128521800041199
0.8119791150093079
0.9592520594596863
0.8132819533348083
0.8923616409301758
0.7919790744781494
0.8606116771697998
0.8041598200798035
0.8240406513214111
0.8603528141975403
0.7973154783248901
0.8385781645774841
0.7249924540519714
1.0570099353790283
1.0873210430145264
0.7410808205604553
0.7364526391029358
0.8495413661003113
0.9946953654289246
0.9147756695747375
0.8339136242866516
1.0432976484298706
0.8492788076400757
0.8897659778594971
0.8030470013618469
1.0470670461654663
0.7594472169876099
0.7686417102813721
1.0752098560333252
0.8224409222602844
0.8185216188430786
0.8403980135917664
0.9629557132720947
0.8069688081741333
0.747507631778717
0.6994837522506714
0.8673937320709229
0.7769773602485657
0.726994514465332
0.7640806436538696
0.9677110314369202
0.6837151646614075
0.7761247754096985
0.7145374417304993
0.7513118386268616
0.9351681470870972
1.0449177026748657
0.8050777912139893
0.881888747215271
0.7015439867973328
0.6980732083320618
0.9165969491004944
0.7752248048782349
0.888382077217102
0.872834324836731
1.1656302213668823
1.0329407453536987
0.679559051990509
0.7132754921913147
0.8413680195808411
0.652055561542511
0.7616827487945557
1.254346489906311
1.031841516494751
0.7002475261688232
0.8223091959953308
0.7457220554351807
0.9576004147529602
0.7829528450965881
1.2992807626724243
0.8101852536201477
0.9406726956367493
0.72238689661026
0.7437400221824646
0.7029862999916077
1.0985676050186157
0.7166135907173157
0.9250717163085938
0.8545699715614319
0.7492377161979675
0.6474880576133728
0.8949308395385742
1.4501383304595947
0.6320589184761047
0.8014066815376282
0.7049434781074524
1.12960946559906
0.8663303256034851
0.8742159605026245
0.908798098564148
0.5807381868362427
0.8513296246528625
0.8277104496955872
0.7625162601470947
1.1365121603012085
0.9046410322189331
0.7935221195220947
1.0915964841842651
0.8034433722496033
0.8903242945671082
0.8352704644203186
0.8598709106445312
0.7500339150428772
0.916325569152832
0.8120842576026917
0.7951136231422424
0.87991863489151
0.7511112689971924
1.315818190574646
0.8294171094894409
0.768520176410675
0.8074992299079895
0.849545419216156
0.8285027146339417
0.7345162034034729
0.920059084892273
0.8511331677436829
0.7746291756629944
0.8127576112747192
0.8411944508552551
0.8761965036392212
0.788973331451416
0.6962854862213135
0.7511919736862183
0.913905143737793
0.7408021688461304
0.85408616065979
0.7852771878242493
0.9146499633789062
0.7221786975860596
0.7669990062713623
0.8114794492721558
0.7672432065010071
1.1521742343902588
0.7979346513748169
1.01314377784729
0.7217081785202026
0.7159438133239746
1.2436662912368774
0.7088515162467957
1.021512508392334
0.9750097393989563
0.755255401134491
0.9429178237915039
0.8321742415428162
0.8536829948425293
0.9077723622322083
0.818711519241333
0.7445688247680664
0.780687153339386
0.6703115105628967
0.8525307178497314
0.9078930616378784
0.7439473271369934
1.1661126613616943
0.9134165644645691
0.9297663569450378
0.8583314418792725
0.7327631711959839
1.0974640846252441
0.930863082408905
0.8526409864425659
1.2243698835372925
0.9317602515220642
0.7341485619544983
0.9017203450202942
1.512242317199707
0.9169771671295166
0.8615373969078064
0.8065738677978516
0.8941763043403625
0.9676182866096497
0.941899836063385
0.8563243746757507
0.8874455094337463
0.8475132584571838
0.9819119572639465
0.75959312915802
0.7507935762405396
0.7368763089179993
0.7751064896583557
0.7855492830276489
0.8510687351226807
0.7801716923713684
1.4384528398513794
0.6955116391181946
0.7125714421272278
0.8326165080070496
0.7470608949661255
1.1530603170394897
0.7540321350097656
0.8647782206535339
0.7302455902099609
0.890304684638977
0.7858622074127197
0.856157660484314
0.8373681306838989
1.0749880075454712
0.8078101873397827
0.898766815662384
0.8249519467353821
0.8407171964645386
0.822186291217804
0.8869055509567261
0.9022772312164307
0.7142555713653564
0.8815509676933289
0.8682212233543396
0.940933883190155
0.791896402835846
0.8441570997238159
0.8028947114944458
0.6912124752998352
0.9777119159698486
0.799776017665863
0.7418917417526245
0.9536547064781189
0.8176124095916748
0.8011736273765564
0.8651363849639893
0.7309659123420715
0.7625982761383057
0.9280997514724731
0.7843664884567261
0.8322064280509949
0.8183310627937317
0.776282548904419
0.8034080862998962
0.9096201062202454
0.744209349155426
0.8244205117225647
0.7345278263092041
0.8040598034858704
1.2470519542694092
0.68531334400177
0.9107977747917175
0.7084940075874329
0.8323898315429688
0.716366171836853
0.8607878088951111
0.8156223297119141
1.1410611867904663
0.8873551487922668
0.8307240009307861
0.7855587005615234
0.8235401511192322
0.7576538920402527
0.7298793196678162
1.0025410652160645
0.750657856464386
0.9701987504959106
0.7478803396224976
0.7942225337028503
1.0285180807113647
0.978800356388092
0.8946141004562378
0.9335269927978516
0.8010881543159485
0.7974853515625
0.81814044713974
0.7098349332809448
0.8545287251472473
0.9455854892730713
0.9029817581176758
0.6925767064094543
0.8076685070991516
0.7403261661529541
0.9657921195030212
0.8116750717163086
1.4965204000473022
0.9175108671188354
1.9318623542785645
0.7762253880500793
0.9645411372184753
0.9920464754104614
0.8064916729927063
0.8659364581108093
0.8481397032737732
0.8187927603721619
0.7288729548454285
0.831652820110321
1.0075170993804932
0.725469172000885
1.022239089012146
0.956096887588501
0.8581917881965637
0.8041454553604126
0.9559013843536377
0.9048934578895569
1.404373288154602
1.0700684785842896
0.7484719157218933
0.8308747410774231
0.9522292017936707
0.9671001434326172
0.8997387290000916
0.8933470249176025
0.8196515440940857
0.7097694873809814
1.0185731649398804
0.704074501991272
0.787567675113678
0.7395139336585999
0.8589847683906555
1.0040535926818848
0.8786343336105347
0.9063377380371094
0.7346461415290833
0.7812097668647766
0.8840481638908386
0.665740430355072
0.8002920150756836
0.6919015645980835
0.8829664587974548
0.6345729827880859
0.7675819993019104
0.8701377511024475
0.7690053582191467
0.82097989320755
0.7030445337295532
0.9085299372673035
1.0720239877700806
0.8081122636795044
0.8906612396240234
1.09660804271698
0.7025895714759827
0.7953436970710754
0.7724875807762146
0.7791475653648376
0.6719034910202026
0.8176116943359375
0.7482201457023621
0.8821236491203308
0.7469523549079895
0.6912782788276672
0.7623403668403625
0.7217379212379456
0.8037392497062683
0.8747941255569458
0.8844284415245056
0.9101516008377075
0.9742832183837891
0.7498061060905457
0.6800509691238403
0.7263771891593933
0.9062803387641907
0.8385592699050903
0.8060839176177979
1.190860390663147
0.8247253894805908
0.8507033586502075
0.7201337218284607
0.9878405332565308
0.8605161905288696
0.728952944278717
0.6673588156700134
0.8480613827705383
0.8289435505867004
0.7232381105422974
0.7755447030067444
0.8333027362823486
0.6951401829719543
1.1457536220550537
0.6560652852058411
0.8238915801048279
0.9173733592033386
0.8115599751472473
1.0088592767715454
1.1030387878417969
0.6656616926193237
0.701600193977356
1.2300564050674438
0.7899713516235352
0.817189633846283
0.7599489688873291
0.7069248557090759
1.0357409715652466
0.8420823216438293
0.9466439485549927
0.7431879639625549
0.7774390578269958
0.7913265228271484
0.8078598380088806
0.7731888890266418
0.8945229053497314
0.8941095471382141
0.7640954256057739
0.7626672387123108
0.9254506230354309
0.8202193379402161
0.8209388852119446
1.03438401222229
0.718980073928833
0.8976580500602722
0.8196303248405457
0.7772643566131592
0.8980271220207214
0.7963111996650696
1.1657929420471191
0.7491157650947571
0.945215106010437
1.1449952125549316
1.3380647897720337
0.6421879529953003
0.9424446821212769
0.9472846984863281
1.046343445777893
0.9612475633621216
0.8582113981246948
0.853907585144043
0.8955188393592834
1.095171570777893
0.7138803601264954
0.7686426639556885
0.826800525188446
0.8853510618209839
0.8492273688316345
0.8756216764450073
0.8815869092941284
0.6511516571044922
0.7494757771492004
0.8681738972663879
0.8161574602127075
1.0021569728851318
0.8868118524551392
1.1950350999832153
0.7515010833740234
0.9674663543701172
1.1274356842041016
0.8630378246307373
0.6762248873710632
0.7008026242256165
0.8918666839599609
0.8285808563232422
0.7788141369819641
0.795889675617218
0.9413827061653137
0.9693430066108704
0.7758399844169617
0.7757250666618347
0.8082877993583679
0.7787384390830994
0.7532421946525574
0.7504830956459045
0.9092330932617188
0.7980276942253113
0.903917133808136
0.7576488852500916
0.7484800815582275
0.7877562046051025
0.7480056881904602
0.803467869758606
0.7758835554122925
0.9298674464225769
0.7844767570495605
0.8522452116012573
0.7462661862373352
0.8574671149253845
0.756987988948822
0.9768193364143372
0.7738749384880066
0.8549185991287231
0.8260812759399414
0.8554061651229858
1.0389147996902466
0.8990901112556458
0.8370192050933838
0.8513566851615906
0.7714829444885254
0.7246330380439758
0.8306248188018799
0.7176199555397034
0.8338951468467712
0.8285849690437317
0.7651913166046143
0.8285237550735474
0.884702205657959
0.9578332901000977
0.9256731867790222
0.7392539381980896
1.302665114402771
0.8423522710800171
0.808405339717865
0.8189387917518616
0.8388015031814575
0.7529808282852173
1.2392480373382568
0.8422545194625854
0.7966316342353821
0.8856547474861145
0.7608661651611328
0.984060525894165
0.7770663499832153
0.7422360777854919
0.8208920955657959
0.8871080279350281
0.7262948751449585
0.7537117600440979
0.8489140272140503
1.0398977994918823
0.8736831545829773
0.8545056581497192
0.8644061088562012
0.6878460049629211
0.8354886174201965
0.8092079162597656
0.8927367329597473
0.7733733057975769
0.7322548627853394
0.8256138563156128
0.8654465079307556
0.9793822169303894
1.029123067855835
0.5928127765655518
0.7655422687530518
0.8616471886634827
0.8062949776649475
0.8381738662719727
0.803267776966095
0.7432231307029724
0.7991049885749817
0.8831669688224792
0.7309260964393616
0.8281034827232361
0.9642871022224426
0.8277872204780579
0.7794703245162964
1.1712161302566528
0.7329450249671936
0.8539127111434937
0.7160015106201172
0.7731009721755981
0.7994287610054016
0.7247986793518066
0.7630134224891663
0.9609413146972656
0.8190904855728149
0.9592730402946472
0.975847065448761
0.9236466288566589
1.065940499305725
0.7357723712921143
0.7968898415565491
0.8320131301879883
0.7362388968467712
0.870629608631134
0.8445449471473694
1.0485801696777344
0.8080418109893799
0.9020991921424866
0.8026726841926575
0.6897528171539307
0.7999616265296936
0.7208027243614197
0.5715807676315308
0.7797137498855591
0.8252124786376953
0.6928861737251282
0.881759524345398
1.2574291229248047
0.7543609738349915
1.050569772720337
0.7827675938606262
0.6633670330047607
0.851837158203125
0.7577988505363464
0.8517777323722839
0.8847365975379944
0.7757121324539185
0.8121441006660461
1.0363848209381104
0.8667544722557068
0.8860397338867188
0.6912034153938293
0.7333235144615173
1.0061832666397095
0.7161329388618469
0.8752971291542053
0.9042714238166809
0.8789728879928589
0.9453685879707336
0.9423394799232483
0.7976282835006714
0.89421546459198
0.8671786189079285
0.771918773651123
0.7756997346878052
0.8210418820381165
0.7253387570381165
0.8121230006217957
0.8123865723609924
0.9989393949508667
0.917486846446991
0.7039286494255066
1.0733267068862915
0.7993154525756836
0.7720333933830261
1.0243167877197266
0.7595834732055664
0.7233718037605286
0.7229517698287964
1.0202614068984985
0.9309121370315552
0.8418958783149719
1.0676133632659912
0.7924070358276367
0.8280289173126221
0.7453784942626953
0.8061098456382751
0.767635703086853
0.6157892942428589
0.8190740942955017
0.8491291999816895
0.7902648448944092
0.9038547873497009
0.7122477889060974
0.7403785586357117
0.7679414749145508
0.7942472100257874
0.702299952507019
0.8576241731643677
0.8002798557281494
0.9442652463912964
0.7653923034667969
0.7214962840080261
0.8746213316917419
0.8530513644218445
0.8846622705459595
0.7605942487716675
0.7678612470626831
0.8107056021690369
0.7447233200073242
0.8755849003791809
0.8596642017364502
0.8798901438713074
0.7123472094535828
0.7452142238616943
0.7734093070030212
1.1764951944351196
0.6391283869743347
0.8552333116531372
0.9592779278755188
0.8073378801345825
0.9193823933601379
0.8516424894332886
0.775776207447052
0.7684276700019836
0.7503089308738708
0.7617502212524414
0.9555289149284363
0.9591207504272461
0.7433993220329285
0.813511848449707
1.2085679769515991
0.8615447282791138
0.8635134696960449
0.9868200421333313
0.7394844889640808
1.0215036869049072
1.087860345840454
0.8591091632843018
0.8154710531234741
0.8607848882675171
0.7955173850059509
0.9076559543609619
0.6720417737960815
0.7739987969398499
0.9000809192657471
0.759395956993103
0.7948082089424133
1.2180041074752808
0.8029801249504089
0.8359848856925964
0.7592875361442566
0.7893002033233643
0.7669180035591125
0.8507760167121887
0.9268603920936584
1.1292160749435425
0.7450188398361206
0.7748787999153137
0.9933557510375977
1.175636887550354
0.7962655425071716
0.832830548286438
0.90257728099823
1.2066624164581299
0.7600393891334534
0.7880659103393555
0.7662224173545837
0.8381178975105286
0.7373834252357483
0.7995636463165283
0.9336257576942444
0.994476854801178
0.8226730227470398
1.0523351430892944
0.7093599438667297
0.8039826154708862
0.6737393140792847
0.7916021347045898
0.8342963457107544
0.9048413038253784
0.8371080756187439
0.6678370237350464
0.7261251211166382
0.6811326742172241
0.7828428745269775
0.7750768661499023
0.7680263519287109
0.8153017163276672
1.45957612991333
0.8869650959968567
1.1604095697402954
1.4466193914413452
1.084087610244751
0.85048907995224
0.9911769032478333
0.8515461087226868
0.8404321670532227
0.760815441608429
0.8295549154281616
0.8902286887168884
0.8453476428985596
0.7637528777122498
0.8363019227981567
0.8171535134315491
1.0350449085235596
0.9001632332801819
0.9251816868782043
0.7713025212287903
0.8684981465339661
0.894460916519165
0.9615219235420227
0.8774501085281372
0.8238741755485535
0.8227694034576416
0.710941731929779
0.9168428778648376
0.7406030297279358
0.7522398233413696
0.7276625037193298
0.8590438961982727
0.6626389026641846
0.861538290977478
0.8024883270263672
0.8360264897346497
0.8269603848457336
0.797267496585846
0.9092749357223511
0.6788687109947205
0.7255695462226868
0.8767676949501038
0.8076915740966797
0.7433688044548035
0.8383001089096069
0.9071919322013855
0.7012062072753906
0.7635484933853149
0.8716558814048767
0.737427294254303
1.120664358139038
0.8966308236122131
1.09670889377594
0.8912075757980347
1.1801140308380127
0.7409827709197998
0.7992323637008667
0.8664048314094543
0.7486717104911804
0.7754001021385193
0.7835871577262878
0.7611196041107178
0.7066667675971985
0.8825506567955017
0.8060263395309448
0.9501559138298035
0.9891898036003113
0.9220221042633057
0.9974363446235657
0.7692568302154541
0.8067112565040588
0.6916550397872925
1.1118160486221313
1.0868769884109497
0.7362523674964905
0.7671139240264893
0.7800964713096619
0.7146750688552856
0.9115299582481384
0.8174463510513306
0.8271391987800598
0.9969577789306641
0.8252639770507812
0.8706057071685791
0.7788264155387878
0.7080576419830322
0.8087143898010254
0.8120986819267273
0.8843875527381897
0.7283334732055664
0.834568440914154
0.7571612000465393
0.8318967819213867
0.9868349432945251
0.740889847278595
0.8087498545646667
0.8156397342681885
1.088268756866455
0.7825397849082947
0.7215760350227356
0.7110040187835693
0.7914043664932251
0.7360827326774597
0.9995740056037903
0.8175676465034485
0.7972975969314575
0.7790160775184631
0.8062049150466919
0.7119494676589966
0.7508265376091003
0.6720327734947205
0.9503260850906372
1.0735812187194824
0.8777816295623779
1.2769969701766968
1.4190279245376587
0.7000709176063538
1.0136661529541016
0.8515474796295166
0.800441563129425
0.7962198257446289
0.7909191250801086
1.0882116556167603
1.109692096710205
0.7711371183395386
0.9066994190216064
0.8938948512077332
1.011924386024475
0.8756982088088989
0.8239532113075256
0.8470076322555542
0.9933350682258606
0.7783647179603577
0.8853867650032043
0.7469274997711182
0.7923131585121155
0.8660950064659119
0.7759117484092712
0.8002856373786926
0.6905287504196167
1.0183812379837036
0.7193111777305603
0.8050463199615479
0.8253465294837952
1.18650221824646
0.7637360692024231
1.1651099920272827
0.8649444580078125
0.8934751152992249
0.8904539942741394
1.0169838666915894
0.8057873249053955
0.7285057902336121
0.7812666893005371
0.6822029948234558
0.8363723158836365
1.1069142818450928
1.1080776453018188
0.8194471001625061
0.7765272855758667
0.7143878936767578
0.8183497786521912
0.7537241578102112
0.9226658344268799
0.7562438249588013
0.9050720930099487
0.7286542057991028
0.743916928768158
0.7746407389640808
0.855366051197052
0.7322638034820557
0.7166001200675964
0.8700140118598938
0.7542446851730347
1.006060242652893
0.7899096608161926
0.7818973660469055
0.780575156211853
0.7739365100860596
0.8284831643104553
0.6857215166091919
0.8328278064727783
0.8007417917251587
0.9331651329994202
0.8217049837112427
0.7681854963302612
0.9224593043327332
0.7152637839317322
0.9044460654258728
0.7755702137947083
0.7058905363082886
0.7225760221481323
0.7860627770423889
0.9846994876861572
0.6364985704421997
0.8222297430038452
0.8265689015388489
0.7454565167427063
0.8206446766853333
0.7867177128791809
0.8171623945236206
0.839724063873291
0.7866246104240417
0.8511584401130676
0.7251912355422974
0.7512297630310059
0.7675998210906982
0.9496521353721619
0.8525724411010742
0.9393560886383057
0.7711294293403625
0.8219165802001953
0.8732571601867676
0.7112345099449158
0.7764430046081543
0.9341089725494385
0.7022815346717834
0.7696679830551147
0.9284462332725525
0.7469841837882996
0.7688108682632446
0.8848984837532043
0.6966328024864197
0.7505515217781067
0.6969048380851746
0.8064878582954407
0.761150062084198
0.6717371940612793
0.8637908101081848
0.7872676849365234
0.6889997124671936
0.7771782279014587
0.7580574750900269
0.6922439932823181
0.8593835830688477
1.0052539110183716
0.925527811050415
0.9985892176628113
0.6171258091926575
0.8441563844680786
0.8929899334907532
1.07040274143219
1.1458513736724854
0.7422907948493958
0.8618138432502747
0.9334445595741272
0.6780303716659546
0.7699863910675049
0.7976834177970886
1.1401265859603882
0.8113256096839905
1.0524344444274902
1.0192221403121948
0.8662524819374084
0.8941279649734497
0.7452728748321533
0.7715990543365479
0.7630957961082458
0.6870381236076355
0.7411948442459106
0.6874824166297913
0.905614972114563
0.9075276255607605
0.6940596699714661
0.8810168504714966
0.8468102216720581
0.7012522220611572
0.8136780261993408
0.8519436717033386
1.1092725992202759
1.04498291015625
0.7708312273025513
0.7423805594444275
0.8785291314125061
0.7637245059013367
0.9331148266792297
0.6586738228797913
0.8361486792564392
0.7955306172370911
0.9372324347496033
0.7446415424346924
0.7304227948188782
1.0524777173995972
1.0670497417449951
0.9619550704956055
0.7716190218925476
1.0171992778778076
0.7725800275802612
0.7521088123321533
0.8585376739501953
0.7489650845527649
0.8343095183372498
1.0159157514572144
0.6947817206382751
0.9450634717941284
0.8055585026741028
0.8077810406684875
0.757177472114563
0.9210890531539917
0.8098006248474121
0.992390513420105
0.944757878780365
0.758406937122345
0.9755495190620422
0.7283326387405396
1.0822744369506836
1.1058918237686157
0.7991606593132019
1.0104979276657104
0.7193530201911926
0.7558973431587219
0.6984919309616089
0.9718621373176575
0.9339942932128906
0.7797759771347046
0.9718186259269714
0.8286839723587036
1.033648133277893
0.8217127323150635
1.4305213689804077
0.9479943513870239
0.7603554129600525
0.7434379458427429
0.843694806098938
0.8668220639228821
0.8094264268875122
0.8119513988494873
0.7492815852165222
0.7119518518447876
1.073787808418274
0.7292259931564331
1.037821888923645
0.8442006707191467
1.1359175443649292
0.970142662525177
0.8330503702163696
0.830552875995636
0.5065169930458069
0.8225247263908386
0.8855047821998596
0.9045332074165344
0.813244640827179
0.7675870656967163
1.0229800939559937
0.7344253659248352
1.102561593055725
0.7561968564987183
1.3530012369155884
0.8688121438026428
0.910631000995636
0.6161988377571106
0.7109832763671875
0.7248592376708984
0.8901886343955994
1.5115301609039307
0.9913510084152222
0.7965699434280396
0.8028887510299683
0.8115357756614685
0.8813818693161011
0.932942271232605
0.9350031018257141
0.8385897874832153
1.0279165506362915
1.0450071096420288
1.257071852684021
0.7013912796974182
0.8080772757530212
0.8250076174736023
0.6403078436851501
1.0059194564819336
0.9402122497558594
0.8431541323661804
0.6947415471076965
0.8232696652412415
1.234639286994934
0.6817748546600342
0.6922564506530762
0.7471607327461243
0.8480842709541321
0.6972742080688477
1.0316022634506226
0.7800677418708801
0.7490332126617432
0.7535126805305481
0.7545204162597656
0.6921616792678833
1.0484800338745117
0.7462978363037109
0.8217724561691284
1.0174964666366577
1.530259370803833
0.5606368780136108
0.7660409212112427
0.7754507064819336
1.3102056980133057
0.8314427137374878
0.7790917158126831
0.9476788640022278
1.0553489923477173
0.6442615985870361
0.8521817326545715
0.7261886596679688
0.7515829801559448
0.7307107448577881
0.889755129814148
0.7175540328025818
0.9044140577316284
0.7458717823028564
0.8887253999710083
1.3197468519210815
0.7492159008979797
0.8403310775756836
0.8006908893585205
0.7503553032875061
0.8109191060066223
0.8327105045318604
0.9132671356201172
0.8137536644935608
0.7295218706130981
0.8006466031074524
1.0311640501022339
0.9616150259971619
0.850794792175293
0.9264824986457825
0.9954172968864441
0.7932880520820618
0.8583324551582336
0.735201358795166
0.8221068978309631
0.8344321846961975
0.8437427282333374
0.7611919045448303
0.8575047850608826
0.8447187542915344
0.8478968143463135
0.7272125482559204
0.7543861865997314
0.7960432171821594
0.7472163438796997
0.7898696064949036
0.8096015453338623
0.9623944163322449
0.7322791218757629
0.8684478998184204
0.9074645638465881
1.0741084814071655
0.9160296320915222
0.71343994140625
0.8806536793708801
0.736216127872467
0.9023613333702087
0.8398000001907349
0.7698147892951965
0.7621622681617737
1.3798327445983887
0.9788960218429565
0.7780526280403137
0.8179022669792175
0.8395290374755859
0.6885901689529419
0.8849795460700989
0.7036908864974976
0.6718237400054932
0.8278855085372925
0.7483585476875305
0.7984000444412231
0.8927335739135742
1.112566590309143
0.8051105737686157
0.8926790356636047
0.781258225440979
0.822894275188446
0.9271028637886047
0.6928804516792297
0.7234271168708801
0.880527913570404
0.6907937526702881
0.8707707524299622
0.822426974773407
0.9135048985481262
0.7041391730308533
0.8278416991233826
0.7454564571380615
0.7606313824653625
0.6924457550048828
0.8812775015830994
1.223657250404358
0.8115432858467102
0.8066794276237488
0.8480037450790405
0.6683411598205566
0.7808220386505127
0.8515194058418274
0.8189328908920288
1.3068078756332397
0.7853675484657288
0.7943530678749084
0.8140316605567932
0.7500084042549133
0.6975763440132141
0.9450886845588684
0.6867455840110779
0.74882572889328
0.8669387102127075
1.0905404090881348
0.822648823261261
0.810571014881134
0.9857913255691528
0.7812592387199402
0.8425372838973999
0.8637042045593262
0.9195771813392639
0.7406372427940369
1.0162798166275024
0.7779980897903442
0.706077516078949
0.9455607533454895
1.2060378789901733
1.205324649810791
0.7946929931640625
0.7715252637863159
0.9746937155723572
0.9493082165718079
0.7327966690063477
0.9219578504562378
0.8069809675216675
0.7983828186988831
0.8820188641548157
0.8974278569221497
1.278586983680725
0.8218662738800049
0.8841939568519592
0.8646382689476013
0.8059089183807373
0.6004660129547119
0.8528180122375488
0.8001121282577515
0.7801839113235474
