1.245133399963379
1.6364418268203735
3.5434868335723877
3.0629665851593018
1.363839030265808
1.5446704626083374
1.2242603302001953
0.9236295819282532
0.9085859656333923
0.9542607069015503
0.8578429222106934
0.8139625191688538
0.8443875908851624
0.8649673461914062
0.9423823952674866
0.882899820804596
1.056486964225769
1.0274235010147095
0.9145897030830383
1.1036415100097656
0.9107776284217834
0.8237959146499634
1.0166115760803223
0.7402215600013733
0.93727046251297
0.8496811985969543
0.843487560749054
0.8710244297981262
0.8439328074455261
1.0590633153915405
0.8976959586143494
0.8485000133514404
0.6295408606529236
0.9599204659461975
0.8984180092811584
0.9622529149055481
0.8180067539215088
0.6697806119918823
0.7431282997131348
0.8370874524116516
1.5983518362045288
0.8626371622085571
0.7297385334968567
0.8225000500679016
0.7413246631622314
1.110602855682373
0.7540014982223511
0.7818407416343689
0.7585732340812683
1.1811997890472412
1.0653746128082275
0.9566684365272522
0.8337333798408508
0.8480812907218933
0.9089471101760864
0.9888865351676941
0.9706719517707825
0.8494947552680969
1.2716354131698608
0.8584139943122864
0.8785020709037781
0.7678561806678772
0.8623372316360474
0.8962615132331848
1.2406752109527588
0.7888308763504028
0.784257709980011
0.816339910030365
0.795395016670227
1.033827781677246
0.8283000588417053
0.8952540159225464
0.8718823790550232
1.303122639656067
0.9275444746017456
0.7917048335075378
1.06486976146698
0.8390176892280579
0.9576320648193359
1.107251763343811
1.0709599256515503
0.795166015625
0.8189864754676819
0.7527428269386292
0.8797571659088135
0.8308626413345337
0.971734344959259
1.0276504755020142
0.7585707902908325
0.7808955311775208
0.8540737628936768
0.7665207982063293
0.6970071196556091
0.8172886967658997
0.7819641828536987
0.8949549198150635
0.7618120312690735
0.7697587609291077
0.9307063221931458
0.8909023404121399
0.698790431022644
0.9024855494499207
0.8635473251342773
0.9476200938224792
0.9633241295814514
0.7713462710380554
0.885036826133728
0.6965511441230774
0.9189778566360474
0.7461144924163818
0.9699284434318542
1.3014470338821411
1.0779081583023071
0.9687614440917969
0.8604410886764526
1.181298851966858
0.7232118248939514
0.9311336874961853
0.8050042390823364
0.9149573445320129
0.8362327218055725
0.8732340335845947
0.7637301683425903
0.8800628781318665
0.8121924996376038
1.1399551630020142
0.8303183317184448
0.756155252456665
0.6666815876960754
0.8664863705635071
0.9319794774055481
0.7156581878662109
1.07175874710083
0.9551811218261719
0.8324176669120789
0.8573797345161438
0.7650440335273743
0.6781542301177979
0.7871788740158081
0.7648691534996033
0.9819793701171875
0.8859933018684387
0.8637537360191345
0.8216908574104309
1.1304351091384888
0.7535167336463928
0.9449969530105591
0.8409721851348877
0.7680808305740356
0.7703360319137573
1.1063066720962524
0.7657652497291565
0.9238623380661011
1.027435064315796
0.8235012888908386
0.8555018305778503
0.748867928981781
0.6970115303993225
0.7705957889556885
0.6597816944122314
0.8429324626922607
0.8819068074226379
0.7967406511306763
0.9157765507698059
0.8202186822891235
0.7338698506355286
0.8134805560112
0.8454614281654358
0.7897867560386658
0.9955725073814392
0.7626099586486816
0.8989627957344055
0.7403635382652283
0.9532544016838074
0.7375287413597107
0.78574138879776
0.7585015892982483
0.7959260940551758
0.5822777152061462
0.7950201034545898
0.8165720105171204
1.0089919567108154
0.748367965221405
0.9092555642127991
0.9782545566558838
0.9580605626106262
0.8267526626586914
0.7456229329109192
0.9512699246406555
0.9818733930587769
0.6674914360046387
0.8872305750846863
0.8386549949645996
0.8432595133781433
0.8258339762687683
0.6687005162239075
0.7672947645187378
0.7888153195381165
0.8197126388549805
1.150187611579895
0.7872918248176575
0.8515599966049194
0.7313107252120972
0.7739725112915039
0.8083633780479431
0.8845444321632385
0.8425402045249939
1.0557399988174438
0.9279103875160217
1.297299861907959
0.768320620059967
0.8332130908966064
0.7911761403083801
0.7943295836448669
0.9073688983917236
0.7210496068000793
0.6676422953605652
1.2405792474746704
0.7320381999015808
0.8731014728546143
1.4010426998138428
0.8347334861755371
0.7405083775520325
0.7253272533416748
0.887548565864563
1.2602155208587646
1.0385545492172241
0.7544679641723633
1.2725926637649536
0.9321181178092957
0.7865431904792786
0.8303403258323669
0.8467938303947449
0.8769046068191528
0.8307256698608398
0.7465471029281616
0.7525526881217957
0.703177273273468
0.6651901006698608
0.8234906792640686
0.8530062437057495
0.7007673978805542
1.130025029182434
0.7560290098190308
0.8331238031387329
0.8337165117263794
0.7746154069900513
0.7422877550125122
0.846569299697876
0.8800573945045471
1.1490647792816162
0.7920882701873779
0.8037049174308777
1.0077072381973267
0.8103265166282654
0.9372261762619019
0.9934160709381104
0.8284764885902405
0.7694277763366699
0.9142675399780273
0.7807535529136658
0.7817206978797913
0.7242822647094727
0.9207666516304016
0.8289241790771484
0.8084279894828796
0.7257450222969055
0.8859504461288452
0.9082505106925964
0.8896204829216003
0.9221962094306946
1.0030361413955688
0.8592557907104492
0.8335587382316589
1.1813017129898071
0.7171586155891418
0.8825081586837769
0.7260086536407471
0.7081230282783508
0.7685425877571106
0.8992384076118469
0.7377392649650574
0.8363493084907532
0.7413080334663391
1.081142783164978
0.7938968539237976
0.8335241675376892
0.6877800822257996
1.1405255794525146
0.8634325265884399
0.8719714283943176
1.038300633430481
0.7863832116127014
1.2260632514953613
0.9026097059249878
0.7704272270202637
1.1051194667816162
0.8938618898391724
1.191592812538147
0.865847647190094
0.7808551788330078
0.8957996368408203
0.8403399586677551
0.8062306642532349
0.7683684229850769
1.212998390197754
0.6970489621162415
0.598120391368866
0.8755171298980713
0.8728744983673096
1.2153141498565674
0.9061817526817322
0.8948466181755066
0.9305780529975891
0.6525259017944336
0.9443982243537903
0.7869957089424133
0.8443180918693542
1.0406211614608765
0.8139216303825378
0.73172926902771
0.7690212726593018
0.9172221422195435
1.1287003755569458
1.0189369916915894
0.8830682039260864
0.8685699105262756
0.7444696426391602
0.7751322984695435
0.8200638890266418
0.7801689505577087
0.8815749287605286
0.7516456246376038
0.9396031498908997
0.7179640531539917
0.8582639694213867
0.6889725923538208
0.8457517623901367
0.7590349316596985
0.8259424567222595
0.8550782799720764
0.8607795834541321
0.7043096423149109
0.8031035661697388
0.8458062410354614
1.103713870048523
0.8195798993110657
0.7337990403175354
0.98570317029953
0.7276894450187683
0.8209405541419983
0.8036876320838928
0.8056089282035828
0.8839061856269836
0.7297349572181702
0.9556517004966736
0.8491944074630737
0.7329380512237549
0.8486354351043701
1.0431486368179321
0.8323017954826355
0.7678129076957703
0.8039724826812744
1.2106109857559204
0.7365097403526306
0.6686157584190369
0.7365061044692993
0.7208227515220642
1.0655792951583862
0.7763175368309021
1.1535847187042236
1.1892420053482056
0.9520896077156067
1.0022438764572144
0.8212368488311768
1.0331947803497314
0.8308787941932678
0.9450690150260925
1.1856763362884521
0.9889691472053528
0.7524649500846863
0.876471757888794
0.7347986698150635
1.0143953561782837
0.9013565182685852
0.826965868473053
0.7418091297149658
0.8110963106155396
0.7450484037399292
0.9118788242340088
0.8498231172561646
0.7646079659461975
0.959660530090332
0.9449465274810791
0.8957184553146362
0.9493497014045715
0.8117440342903137
0.8410221934318542
0.8506557941436768
0.7751739025115967
0.8935226798057556
0.9454873204231262
0.8159886002540588
1.1441165208816528
0.8637323379516602
0.9441698789596558
0.8082923293113708
0.8104971051216125
0.7582948803901672
0.8992483615875244
0.6863489151000977
0.869967520236969
1.2564142942428589
0.9541738629341125
0.7644892930984497
1.30514395236969
0.7730266451835632
0.8731813430786133
0.935567319393158
0.7345792055130005
0.7740357518196106
1.961836338043213
1.1318132877349854
0.8255284428596497
0.7208274006843567
0.8494132161140442
0.9029496312141418
0.7114869356155396
1.2660698890686035
0.71003657579422
0.81480872631073
0.9882280826568604
0.9316614270210266
0.698881208896637
0.8487875461578369
0.7540289759635925
0.8069202899932861
0.90312260389328
0.8104368448257446
0.780069887638092
0.8614478707313538
0.9033432006835938
0.9898226261138916
0.8926200866699219
1.0701836347579956
0.7970728278160095
0.7695049047470093
0.8391846418380737
0.9765900373458862
0.8603519797325134
0.9516856074333191
0.8016952872276306
0.8760837912559509
0.771464467048645
0.7527132034301758
0.8216372728347778
0.7019374966621399
0.7915548086166382
0.8874332308769226
0.9578742980957031
0.8710599541664124
0.7778568863868713
0.9415085911750793
0.7824869155883789
1.0813335180282593
1.0146650075912476
0.6452415585517883
0.872911274433136
0.876573383808136
0.8391313552856445
0.8219355940818787
0.7997741103172302
0.7171334624290466
1.1911693811416626
0.9336884021759033
0.9730454683303833
0.9537580609321594
0.7239087224006653
0.805913507938385
0.7512717843055725
0.836003303527832
0.8681736588478088
0.9306204319000244
0.8456616997718811
1.073542594909668
1.0421825647354126
0.811559796333313
0.7678499221801758
0.7225987911224365
1.0035061836242676
1.0115333795547485
0.8367613554000854
0.9219610691070557
0.8850462436676025
0.8167760372161865
0.8817806243896484
0.7698997855186462
0.7508329749107361
0.7506541013717651
1.0370526313781738
0.899495005607605
1.0004478693008423
0.8438805341720581
0.849976658821106
0.6657877564430237
0.7777339816093445
0.8587809801101685
0.8598088026046753
0.7568315863609314
0.8809030055999756
0.7374032139778137
0.9678599238395691
0.7938042879104614
0.8318092823028564
0.9555299878120422
0.6554464101791382
0.8384354710578918
1.2067270278930664
1.269208312034607
1.2820450067520142
1.1974258422851562
0.7973297834396362
0.8036213517189026
0.7705997228622437
0.7251778841018677
0.7720850706100464
0.7341992259025574
0.7192522883415222
0.869958758354187
1.036428451538086
0.758450984954834
0.7389940619468689
0.6835328340530396
0.7746406197547913
0.9490383863449097
0.8175927400588989
0.9362430572509766
0.7808772325515747
0.9002535343170166
0.8362981081008911
0.879400908946991
0.9558486938476562
0.8160163164138794
0.8277417421340942
0.9240195155143738
0.6404854655265808
0.8206547498703003
0.8576540350914001
0.8027520775794983
0.7373762130737305
0.7963444590568542
0.913421094417572
0.652057945728302
0.8499690294265747
0.7706966996192932
0.940960168838501
0.9034063816070557
0.7625154852867126
1.1836061477661133
0.8756434321403503
1.283488392829895
0.8717833757400513
1.0104185342788696
0.7630416750907898
0.7557840347290039
0.819695770740509
0.8525703549385071
1.0535674095153809
0.7338157892227173
1.4714285135269165
0.8449407815933228
0.8768000602722168
0.7696436643600464
0.960586667060852
0.8211591839790344
0.7394610643386841
0.8368745446205139
0.7193853855133057
0.892802357673645
0.8177714347839355
0.9710313081741333
0.9035426378250122
0.8624081611633301
1.0190143585205078
0.8305185437202454
0.9294308423995972
0.7874521613121033
1.0579068660736084
0.8153964281082153
0.7945327758789062
1.5269041061401367
0.6819722652435303
0.9061726331710815
0.7701669335365295
1.2258429527282715
0.8790920376777649
1.0116626024246216
0.7563244104385376
0.8083990216255188
0.7758519649505615
0.8555780053138733
0.8073654174804688
0.8893728256225586
0.9379912614822388
1.5492664575576782
0.8823303580284119
0.8144093751907349
0.7970388531684875
0.9335721135139465
0.8648689389228821
0.921077311038971
0.7440047860145569
0.9363992810249329
0.8710935115814209
0.7822818756103516
0.7534130215644836
0.8651158809661865
0.8462916612625122
0.7609418034553528
0.8079502582550049
0.6993664503097534
0.7791208624839783
0.9866989850997925
0.7091529965400696
0.8650007843971252
0.7233457565307617
0.7174383997917175
1.0134340524673462
0.8606007695198059
1.155248761177063
0.7368749976158142
0.9051899313926697
0.7303040623664856
0.852440357208252
0.7669302821159363
0.8269583582878113
0.74530428647995
0.7641083002090454
0.9871376752853394
0.7820830345153809
0.9375614523887634
0.78730309009552
0.8154337406158447
0.847193717956543
0.5959502458572388
0.9322043657302856
0.7884698510169983
0.8578903079032898
0.9922491908073425
0.7075828909873962
0.75560462474823
0.905008852481842
1.3730781078338623
0.7435621619224548
0.847180187702179
0.7629676461219788
0.6906229853630066
0.8532633185386658
0.9104948043823242
0.8919200897216797
0.821914792060852
0.9688644409179688
1.1003080606460571
1.1460728645324707
0.8333372473716736
0.9345313310623169
0.7635132670402527
1.1266213655471802
0.8009423017501831
0.7761361002922058
0.8126053214073181
0.767044723033905
0.7529421448707581
0.9108791351318359
0.833091139793396
0.8499959111213684
0.7825433015823364
0.65715092420578
0.7054131627082825
0.7243477702140808
0.8520979285240173
0.8563125729560852
0.8292168378829956
0.8683374524116516
0.8763208389282227
0.7328387498855591
0.752956211566925
0.8367879986763
0.9404991865158081
0.7722523808479309
0.9240784049034119
0.7470186948776245
0.8638357520103455
0.8425062894821167
0.78655606508255
0.8848863244056702
1.0641804933547974
0.8018879294395447
0.711014449596405
0.8764151930809021
0.9068970084190369
0.7551484704017639
0.8882240653038025
0.882550060749054
0.804078221321106
0.8482503294944763
0.7419184446334839
0.8728063106536865
1.0098838806152344
0.8882615566253662
0.7484638094902039
1.217537522315979
1.106717824935913
0.8113924860954285
0.8089662194252014
0.818240225315094
0.8258140087127686
0.9143988490104675
0.878851592540741
0.9182714819908142
0.6787904500961304
0.816955029964447
0.8299468159675598
0.7253350615501404
0.6739757657051086
0.7948899269104004
0.7953909039497375
0.6956061720848083
1.2345167398452759
0.7456336617469788
0.8376808762550354
0.7831048369407654
0.9142323732376099
0.8688157796859741
0.7879046201705933
0.7528839111328125
0.7360292077064514
0.7763649821281433
0.9399813413619995
0.9197337031364441
1.1492691040039062
0.7459447979927063
0.9914763569831848
0.7550873160362244
0.7755950093269348
0.7298718690872192
1.129087209701538
0.8447927832603455
0.7219414114952087
0.9533972144126892
0.7658693194389343
1.2016783952713013
0.9512246251106262
0.860538125038147
0.7948048114776611
0.8224352598190308
0.8039186596870422
0.7409859895706177
0.737508237361908
0.8408640027046204
0.7667238712310791
0.8824333548545837
0.7741084694862366
0.7151058316230774
0.7669815421104431
0.8317334055900574
0.8857434988021851
0.7064049243927002
0.9333324432373047
0.8526464104652405
1.274086594581604
0.8179067373275757
0.6598780155181885
0.8028238415718079
0.7055351138114929
0.8469889760017395
0.7934118509292603
0.7444228529930115
1.0570570230484009
0.7849420309066772
0.7702448964118958
0.7645429372787476
0.7998212575912476
0.9198862910270691
0.7584943175315857
0.7894505262374878
0.9987786412239075
0.9743465781211853
0.8277090191841125
1.055161476135254
0.8102765679359436
0.7637825608253479
1.1985931396484375
0.9517250061035156
0.7765978574752808
1.2028158903121948
1.014837384223938
0.7390143275260925
0.9175390601158142
0.7679060697555542
0.8562759757041931
0.850679874420166
0.7907556891441345
0.6867657899856567
0.880233645439148
0.910253643989563
0.7084662914276123
0.6940994262695312
0.7097835540771484
1.0957781076431274
0.9248307347297668
0.9204837083816528
0.7847771048545837
0.8587107062339783
0.7341169118881226
0.8845454454421997
0.7660627365112305
0.6598886847496033
1.092207908630371
0.996527910232544
0.7629406452178955
0.7229743599891663
0.7571141123771667
0.6776857376098633
0.8862591981887817
0.8768808245658875
0.7861776947975159
0.7221064567565918
0.6689516305923462
0.8481060862541199
0.9125475287437439
0.8840100765228271
0.8168720602989197
1.0974210500717163
0.8409274220466614
0.704241931438446
0.8337683081626892
0.4827798306941986
0.7906191945075989
1.04409658908844
0.805618166923523
0.6838556528091431
0.7786579132080078
0.7510002255439758
1.06088125705719
0.8798003792762756
1.0250359773635864
0.8342660069465637
0.8715656995773315
0.6769033074378967
1.4892460107803345
0.764868974685669
0.8053715229034424
0.7033020257949829
0.7627676129341125
1.020551085472107
0.8668079376220703
0.8918378949165344
0.7521827816963196
0.7782962322235107
0.6740305423736572
0.762917697429657
0.7108801007270813
0.6301223039627075
0.7890183329582214
0.8115847110748291
0.6639416813850403
0.9381939768791199
1.0894191265106201
0.8901206254959106
0.717863917350769
0.8211492300033569
0.7392528653144836
0.7415615916252136
0.7736986875534058
0.9631127119064331
1.0938682556152344
0.6782852411270142
0.830707848072052
1.1017652750015259
0.8713658452033997
0.7600143551826477
0.7750841975212097
0.8417450785636902
1.0157045125961304
0.9143774509429932
0.8587973713874817
0.7956705689430237
0.8236926198005676
0.8259472846984863
0.800531268119812
0.8388510346412659
0.7454870343208313
0.7739017605781555
0.7165355682373047
0.7963138818740845
1.0952006578445435
0.8769190907478333
0.8202971816062927
0.726072371006012
0.8013573288917542
1.0003517866134644
0.7898195385932922
0.731528103351593
1.310692548751831
0.9826470613479614
0.864075243473053
0.8867403268814087
0.8305603861808777
0.6232039332389832
0.7172689437866211
0.7236539125442505
0.8609338998794556
0.773486316204071
0.7556890845298767
1.3953601121902466
0.7445680499076843
0.9221464991569519
0.8223686814308167
0.8808196783065796
1.1789294481277466
0.7569057941436768
1.0059263706207275
0.8369740843772888
0.8446754217147827
0.8042641282081604
0.8271873593330383
0.859185516834259
0.8444955945014954
0.6801853179931641
1.107054352760315
0.7974945306777954
0.8866508603096008
1.1178433895111084
1.2384016513824463
1.0206600427627563
0.8980047702789307
0.8684199452400208
0.9074802398681641
0.9222519993782043
0.7338913083076477
0.7590351104736328
0.7854437232017517
0.8492428064346313
0.7285879254341125
0.8360605239868164
0.7806610465049744
0.6769150495529175
0.9390074610710144
1.2247494459152222
0.8163639903068542
0.8840624690055847
0.71135014295578
0.9366272687911987
0.8001090288162231
0.8766698837280273
0.7509139180183411
0.7231506109237671
0.9144070148468018
0.9122354984283447
0.9076433181762695
0.9248400926589966
1.3033593893051147
0.8552134037017822
0.8173709511756897
0.780793309211731
0.8824121356010437
0.69664466381073
0.7762472629547119
0.870930552482605
0.9567261934280396
1.1061657667160034
1.0734362602233887
1.1675904989242554
0.714453935623169
0.9686863422393799
0.8624147176742554
1.1661752462387085
0.7619239091873169
0.8952381610870361
0.8435982465744019
0.730839192867279
0.7654725313186646
0.9394581913948059
0.7295969724655151
0.7354899644851685
0.9236952662467957
0.8505318760871887
0.7758610844612122
0.7652328610420227
0.9348174333572388
0.7383695244789124
0.9034536480903625
0.8503430485725403
0.9130715131759644
0.7528606057167053
0.8192211389541626
0.807450532913208
1.1061559915542603
1.227028489112854
0.7112056016921997
0.9864455461502075
0.7103143334388733
0.7885618805885315
0.8244828581809998
0.8529572486877441
0.8592444658279419
0.8487393856048584
0.9984058737754822
1.458693027496338
0.7809568047523499
0.8726180195808411
1.204923391342163
0.9380449652671814
0.780474841594696
1.0685997009277344
0.8759773373603821
0.9143443703651428
1.0463523864746094
0.837352454662323
0.7956625819206238
0.8072308301925659
0.8969752192497253
0.8126915097236633
0.96180659532547
0.8098427653312683
0.8142080903053284
0.8443138599395752
0.8973504304885864
0.8366320133209229
0.7863833904266357
0.7023600339889526
1.0706573724746704
0.7874864935874939
0.694229245185852
1.1949573755264282
0.7297658324241638
0.7960360050201416
0.8011981248855591
0.8891289830207825
0.871469259262085
0.7526004314422607
0.8545405864715576
1.0438021421432495
0.8735559582710266
0.8733041882514954
0.7263157963752747
0.816269040107727
0.7473929524421692
0.7767713665962219
0.8523781895637512
0.8412350416183472
0.9124444127082825
0.8408892750740051
0.846398651599884
0.8740999698638916
0.9484766721725464
0.8166184425354004
0.760971188545227
0.8536637425422668
1.0180851221084595
0.8166182637214661
0.9471889138221741
1.1474416255950928
0.666377604007721
0.9026667475700378
0.8527891635894775
0.7524760365486145
0.7616409063339233
0.7656208276748657
0.7907110452651978
0.8316882848739624
1.0032676458358765
0.8409626483917236
0.7796372175216675
0.8534944653511047
0.8859699368476868
0.7004375457763672
0.620848536491394
1.038723111152649
0.8091049790382385
0.7788937091827393
0.9043313264846802
0.6292970776557922
0.8184943795204163
0.8564688563346863
0.850011944770813
0.7263248562812805
1.0096138715744019
0.9007397890090942
0.7744191884994507
0.8982910513877869
0.73627769947052
0.7703323364257812
0.6568703055381775
0.8662060499191284
0.8339105844497681
0.7877918481826782
0.8612766265869141
0.7952623963356018
1.3371686935424805
0.7862809300422668
1.405866026878357
0.8188770413398743
0.7645184397697449
0.7008917927742004
0.7954780459403992
0.9090784192085266
0.8347745537757874
1.0326048135757446
0.85193932056427
0.7677556276321411
0.9501548409461975
0.7542294263839722
0.7987794280052185
0.8147615194320679
0.7084152698516846
0.7888705134391785
0.7397189736366272
0.7134855389595032
0.9049156904220581
0.8113985061645508
0.8046410083770752
0.8001816272735596
0.8795497417449951
0.9959591627120972
0.8080406188964844
0.7986285090446472
0.8094990849494934
0.8850266933441162
0.7599068284034729
0.8218552470207214
0.8376030921936035
0.926105797290802
0.9964741468429565
0.7457041144371033
1.3323551416397095
0.9273266196250916
0.9050747752189636
0.8215594291687012
1.2499356269836426
1.370981216430664
1.0419279336929321
0.8429073095321655
0.8283654451370239
1.3658541440963745
0.8597613573074341
0.7610544562339783
0.8045839667320251
0.8100077509880066
0.8581060767173767
0.8438059687614441
0.8848749399185181
1.0462676286697388
0.8083475232124329
0.8067740201950073
0.7534764409065247
0.7016890645027161
0.9509965181350708
0.8455125093460083
0.9287802577018738
0.8107502460479736
0.7626323699951172
1.191305160522461
0.8548532128334045
0.7886757850646973
0.7634943127632141
0.8099802136421204
0.7585541009902954
0.8366866707801819
0.9818605780601501
0.7585909962654114
0.8375078439712524
0.8030357360839844
0.8070521950721741
0.8391014337539673
1.1555577516555786
0.8244519829750061
0.8563973903656006
0.7092419862747192
1.0357567071914673
0.8321828842163086
0.8075769543647766
0.7816384434700012
0.7739440202713013
0.7649250626564026
0.8117727637290955
1.0356076955795288
0.8027327656745911
0.852736234664917
0.7927707433700562
0.7368280291557312
0.6948950290679932
0.8385464549064636
0.7617108225822449
0.8365053534507751
0.996033251285553
0.9604282379150391
0.7794056534767151
0.7505360245704651
0.774945080280304
0.8256533741950989
0.7540616393089294
0.5519899725914001
0.701984167098999
0.8294963240623474
1.1070057153701782
0.8522281646728516
1.109734058380127
0.7846725583076477
0.8874553442001343
0.9438436627388
0.7084026336669922
1.1991819143295288
0.8529603481292725
0.7712386250495911
0.8515052199363708
0.7486613392829895
1.105366587638855
0.7731011509895325
0.7488817572593689
0.8185417652130127
0.9604014158248901
1.0229802131652832
1.04278564453125
0.7824757695198059
0.8111116886138916
0.870320200920105
0.7570164799690247
1.0860720872879028
0.7760117053985596
0.7451637983322144
0.7861972451210022
0.790170431137085
0.8218597769737244
0.7585029602050781
1.0545389652252197
0.7051598429679871
0.7186902165412903
0.8859672546386719
0.9957553148269653
0.6823368072509766
0.8498080968856812
0.8318026661872864
0.9615644812583923
0.7226265668869019
0.7524490356445312
0.7837567925453186
0.7811654210090637
0.8473787307739258
1.0295870304107666
0.7970823049545288
0.8186363577842712
0.7668690085411072
1.2409061193466187
0.8543627858161926
0.7797192335128784
0.7024539113044739
0.7483507990837097
0.790848970413208
0.7748492956161499
0.8192427158355713
0.8327596783638
0.7866597771644592
1.0101509094238281
1.2263259887695312
0.7889980673789978
0.85346919298172
0.800908088684082
0.7237166166305542
0.8184572458267212
0.9445627331733704
1.0318679809570312
0.8635731935501099
0.6588871479034424
0.7889537215232849
0.9456208348274231
0.8367530703544617
0.9264575242996216
0.8205292224884033
1.0906044244766235
0.7572728395462036
0.836869478225708
0.7562093138694763
0.715099036693573
0.735332727432251
0.7941766381263733
0.7560446262359619
0.7138742804527283
0.6641281247138977
0.7240913510322571
1.0282044410705566
0.9521369934082031
0.7913637161254883
0.9238656163215637
0.8520758748054504
0.8939732313156128
0.9981313347816467
0.826827347278595
0.7695222496986389
0.9964434504508972
0.828522264957428
0.7463550567626953
0.7988916635513306
0.8128069639205933
0.8188145756721497
0.8753493428230286
0.8755772113800049
0.7302792072296143
0.7420565485954285
0.7854959964752197
0.7531224489212036
0.6919517517089844
0.830207109451294
0.8175089955329895
0.8267598748207092
0.8965710401535034
0.8476042151451111
0.6780954599380493
0.732824444770813
0.9085316061973572
0.9620577692985535
0.8386223316192627
1.214540958404541
0.8893053531646729
0.9629762768745422
0.931361734867096
0.7584530711174011
0.9097684025764465
0.7826191782951355
1.0384721755981445
1.0846664905548096
1.129397988319397
0.8952693939208984
0.7530539631843567
0.7233565449714661
0.6799155473709106
0.5712663531303406
0.9576513767242432
0.812095582485199
0.869360089302063
0.6975162625312805
0.7269280552864075
0.9201763868331909
0.845898449420929
0.8502017259597778
1.2947460412979126
0.7267365455627441
0.796009361743927
0.7459977269172668
0.6767848134040833
0.8797052502632141
0.8630781173706055
0.7586014270782471
0.7917412519454956
0.7842082977294922
1.064341425895691
0.9976317286491394
1.026510238647461
0.7841686010360718
0.8062519431114197
0.896234929561615
0.7213795185089111
0.6985578536987305
0.9290169477462769
0.7209599614143372
0.8522165417671204
0.8582175374031067
0.7191949486732483
0.6860607266426086
0.9052484631538391
0.9637987613677979
0.8595823049545288
0.9269434809684753
0.7702053785324097
0.7445842027664185
1.2965192794799805
0.7629539966583252
0.7299677729606628
0.8748489022254944
1.1866737604141235
1.022839069366455
1.0866241455078125
0.7712516188621521
0.7561349272727966
0.6967657208442688
0.7334046959877014
0.7490894794464111
0.7985472679138184
0.9754524230957031
0.8161085844039917
0.8101324439048767
0.8002395629882812
0.8011682629585266
1.3567970991134644
0.7975386381149292
0.8876279592514038
1.0162845849990845
0.7545117139816284
0.8104942440986633
1.1207174062728882
1.0099103450775146
0.7147909998893738
0.8020060658454895
0.8351142406463623
0.8716936111450195
0.9448886513710022
0.9036864042282104
0.9963550567626953
0.7698134183883667
0.9121897220611572
0.8737064003944397
0.9987318515777588
0.8069470524787903
0.8187144994735718
0.8461883664131165
0.7895262837409973
0.8100627064704895
0.7025045156478882
0.8248694539070129
0.9825552701950073
1.03207528591156
0.8057817816734314
1.0576320886611938
0.8402118682861328
0.8628221750259399
0.8310133814811707
0.9828334450721741
0.7442300319671631
1.0991696119308472
0.7983151078224182
0.8002957105636597
0.8685666918754578
1.040069341659546
0.8564646244049072
0.8112821578979492
1.8298794031143188
0.8293731808662415
1.7981812953948975
0.7822383046150208
0.8016623854637146
0.7974728941917419
0.8462491631507874
0.9043532609939575
0.8860112428665161
0.7517188191413879
0.69660884141922
0.7792714834213257
0.8961995244026184
1.0232778787612915
0.8423138856887817
0.8087049126625061
0.8192731142044067
0.7572628259658813
0.8258953094482422
0.9552589058876038
1.0494359731674194
0.7723615765571594
0.7318185567855835
1.227784514427185
0.7427828907966614
1.0352693796157837
0.906030535697937
0.7887452244758606
0.921192467212677
0.786820113658905
0.7973906993865967
0.8141180276870728
0.7056414484977722
0.994674026966095
0.7142022252082825
0.6993951797485352
1.1237512826919556
0.8807113170623779
0.8833885788917542
0.8035708069801331
0.8871243596076965
0.7443289160728455
0.7836783528327942
0.9369556903839111
0.6952927708625793
0.9437934160232544
0.7526152729988098
1.239748477935791
1.0216230154037476
0.9539364576339722
1.0409471988677979
0.8562394976615906
0.8041960000991821
0.7448315620422363
1.127225637435913
0.8024187088012695
0.7730116248130798
0.9967963099479675
0.9038037061691284
0.9337538480758667
0.8591139912605286
1.237244725227356
0.8997768759727478
0.826119601726532
0.7819726467132568
0.7411159873008728
0.6700557470321655
0.940389096736908
0.7505959272384644
0.8863678574562073
0.799621045589447
0.9829439520835876
0.8309391736984253
0.9349223375320435
0.8880788087844849
0.8638980388641357
0.8472014665603638
0.7372151017189026
0.8051290512084961
0.9288633465766907
1.0398709774017334
0.7421107888221741
0.8583288788795471
0.7575748562812805
0.7238240838050842
0.7636198401451111
0.742747962474823
0.7889075875282288
0.784600555896759
1.069735050201416
0.797204315662384
0.7787811756134033
0.9088011980056763
1.2576391696929932
0.7668671011924744
1.0135719776153564
0.8808969855308533
0.8413625359535217
0.8896676301956177
0.6413331627845764
0.8874357342720032
0.862474262714386
0.7590727210044861
0.8319904804229736
0.8707392811775208
0.7897093892097473
0.8048499226570129
1.002795934677124
0.9691043496131897
0.7804691791534424
0.7156780958175659
1.0177628993988037
0.9767585396766663
0.8338201642036438
0.7243244647979736
1.0585389137268066
0.8355585336685181
0.8061254620552063
0.7800265550613403
1.0135012865066528
0.869633674621582
0.6703341007232666
0.7469297051429749
0.7921751737594604
1.0816951990127563
0.8444448113441467
0.9724659323692322
0.7057977914810181
0.7750606536865234
0.8834598660469055
1.0859075784683228
0.7943375706672668
1.2354872226715088
0.8077138066291809
0.6758880615234375
0.6877034306526184
0.9801056981086731
0.8571056723594666
0.9126058220863342
0.832729697227478
0.6833948493003845
0.7492128610610962
0.8689098358154297
0.6540568470954895
0.8894596099853516
0.6960976719856262
0.7379730343818665
0.7896698713302612
0.7936670780181885
0.757269561290741
0.8189928531646729
1.2157360315322876
0.7847634553909302
0.7803049087524414
0.8422443270683289
0.6505613327026367
0.9864910840988159
0.6940997242927551
0.6585736870765686
1.032930850982666
0.7906091809272766
0.7286303639411926
1.0303412675857544
0.7861229777336121
0.9166605472564697
0.8488138318061829
0.7950658798217773
0.71039217710495
0.7571732401847839
1.3020967245101929
0.7264358401298523
0.7673244476318359
0.7520472407341003
0.7818260192871094
0.7799327373504639
0.953754723072052
0.809887170791626
0.7529460787773132
0.7798792719841003
0.8299596905708313
0.9447523951530457
0.7126526236534119
0.8358564376831055
0.8558967709541321
0.7502094507217407
1.0446256399154663
0.906126856803894
0.8079025745391846
0.6876711845397949
0.7571290731430054
0.7435548901557922
0.7710376381874084
1.046059489250183
0.75911945104599
0.7494996786117554
0.7000792622566223
0.8987610340118408
0.6931301951408386
0.9278172254562378
0.7839066386222839
1.0507924556732178
0.7410696148872375
1.0957003831863403
1.3268214464187622
1.2382006645202637
0.6840192675590515
1.2223401069641113
0.7952966690063477
0.8261297941207886
0.8069615960121155
0.8492377996444702
1.0072048902511597
0.9163985848426819
0.8327754735946655
1.352486252784729
0.9223516583442688
0.7692300081253052
0.9088848829269409
1.3290483951568604
0.8640472888946533
0.7406289577484131
0.8211688995361328
0.6853011250495911
0.9384496808052063
0.8542866110801697
0.8007240295410156
0.9077595472335815
0.6231053471565247
0.7498888373374939
0.9404568076133728
0.7421368956565857
0.9402837753295898
0.9642621278762817
0.7537256479263306
0.7579728364944458
0.8839690089225769
0.8787727355957031
0.9816668033599854
0.8567991852760315
0.8055595755577087
0.864166259765625
1.0566701889038086
0.7614538669586182
0.7705000042915344
0.960850179195404
0.5421177744865417
1.0158847570419312
0.8068292140960693
1.0465755462646484
0.7639289498329163
0.7581050992012024
0.962452232837677
0.7298621535301208
0.8000197410583496
0.834112823009491
0.7502581477165222
0.9538998007774353
0.8297505378723145
0.7318126559257507
0.7949140667915344
0.7160646915435791
1.0517067909240723
0.7847139835357666
0.9629272818565369
0.785256028175354
0.7404527068138123
0.805925190448761
0.7673574090003967
0.8131473660469055
0.9178694486618042
0.7688046097755432
0.8389971852302551
0.8274078369140625
1.0463403463363647
0.9252951145172119
0.8914650082588196
0.7702801823616028
0.840366542339325
0.9306390881538391
0.7922490239143372
0.8810462951660156
0.7732046246528625
0.8095208406448364
1.0292139053344727
0.9240502119064331
1.1283997297286987
0.8185200095176697
0.8346720933914185
0.9286121726036072
0.7900837659835815
0.9420931339263916
0.7284087538719177
0.9523480534553528
0.7370144724845886
0.8860048651695251
0.9038471579551697
0.8015907406806946
0.6855572462081909
0.7877509593963623
0.7271058559417725
0.6869294047355652
1.0913132429122925
0.7713258862495422
1.096442699432373
0.8055422306060791
0.7005791664123535
0.9049948453903198
0.7653090953826904
0.7754457592964172
1.096926212310791
0.7825145721435547
0.7300620675086975
0.7448104023933411
0.8859116435050964
0.89728844165802
0.7587161660194397
0.703707218170166
0.8845470547676086
0.7589818239212036
1.0031589269638062
1.2101322412490845
0.8934993743896484
0.8800453543663025
0.8329318761825562
0.9496178030967712
1.3114677667617798
0.9076292514801025
0.7725563049316406
0.6265309453010559
0.7350978851318359
0.9977812170982361
1.281423807144165
0.7761856913566589
0.8029460310935974
0.7388626337051392
0.8087567090988159
0.885259211063385
0.7717829942703247
0.7226994037628174
1.0235445499420166
0.8405784964561462
0.751113772392273
0.7392858862876892
0.7209946513175964
1.0000675916671753
0.7492534518241882
0.7701173424720764
0.8858206272125244
0.8050133585929871
0.9464477896690369
1.0287576913833618
0.6062262058258057
0.8311856389045715
0.8696025013923645
0.9523962736129761
0.7546225786209106
1.0181629657745361
0.7362880706787109
1.1761724948883057
0.8490724563598633
0.7377605438232422
1.1240196228027344
0.6983350515365601
0.8763847947120667
0.7179182767868042
0.8349737524986267
0.8653425574302673
0.9516330361366272
0.8621304631233215
0.8613541722297668
0.7471317648887634
0.8791018724441528
0.8236818313598633
0.8112056255340576
0.7923882007598877
0.8695858716964722
0.9854598641395569
0.8351042866706848
0.9743328094482422
0.8195126056671143
0.8061738610267639
0.7799885869026184
0.7990624904632568
0.7939069867134094
1.0860276222229004
0.8137957453727722
1.2433843612670898
0.752823531627655
0.9755191802978516
0.9488857984542847
0.8839656114578247
0.7516239285469055
0.7731103897094727
0.8362858891487122
0.9583743214607239
0.7448481321334839
0.8200865387916565
0.9208575487136841
0.8324962258338928
0.7881779074668884
0.8849429488182068
0.8760599493980408
1.2266569137573242
0.9939557313919067
0.9658436179161072
0.8037843704223633
1.145246982574463
0.9305754899978638
0.7850586771965027
1.146016001701355
0.9497358798980713
0.8330575823783875
0.8686365485191345
1.2679443359375
0.8232081532478333
0.8421010971069336
0.8500350117683411
0.8472851514816284
0.8540365099906921
0.7755177021026611
0.8843882083892822
0.8968567252159119
0.9247143268585205
1.1934034824371338
0.727011501789093
0.8178438544273376
0.7477635145187378
0.7045983672142029
0.7819808721542358
0.8989287614822388
0.7007565498352051
2.295206308364868
0.818056583404541
0.86686772108078
0.8454568982124329
0.85955411195755
0.7560829520225525
0.7977012991905212
0.8374996185302734
0.7853990197181702
0.8925613760948181
0.7161009907722473
0.8984787464141846
0.862542986869812
0.9486690163612366
0.9270352125167847
0.8774005174636841
0.73630291223526
0.8368028998374939
1.0540798902511597
0.9062193036079407
0.7871783375740051
0.7635117769241333
0.7407616376876831
0.8245276212692261
0.9021697640419006
1.2772434949874878
0.7206500172615051
0.9066431522369385
0.7820752263069153
0.799062967300415
0.9999011158943176
0.8169969916343689
0.8132830858230591
0.7883439660072327
0.6871718168258667
0.7606270909309387
0.8082934617996216
0.9317978620529175
0.8558581471443176
0.841345489025116
0.9142338633537292
0.7761166095733643
0.7484426498413086
0.9079020619392395
0.76324063539505
0.9372194409370422
0.8042306900024414
0.8661898970603943
0.6544052958488464
0.8506971001625061
0.9758188724517822
0.8570099472999573
0.7982321977615356
0.7863302230834961
0.8375327587127686
0.716858446598053
0.9018422365188599
0.9501197934150696
1.163228988647461
0.7791327238082886
1.0355186462402344
0.8736909031867981
0.8044856190681458
0.7665814757347107
0.749420166015625
0.7744961977005005
0.7984797954559326
0.8130215406417847
0.8235166668891907
0.8464245200157166
0.6688304543495178
0.7887504696846008
0.8723251819610596
0.6854641437530518
0.7748351693153381
0.7624391317367554
0.6847344636917114
0.7402424812316895
0.7790089249610901
1.0575876235961914
0.7113066911697388
1.524483561515808
0.9248871207237244
0.8615915179252625
0.9132099151611328
0.8878849744796753
0.881039023399353
0.7824422121047974
0.8469586968421936
0.7931475043296814
0.957851231098175
0.7919226884841919
0.8249544501304626
0.8291357159614563
0.7911410331726074
0.7408596873283386
0.8818410038948059
0.817253828048706
0.9259853363037109
0.7485674023628235
1.007606863975525
0.8159158825874329
0.7339347004890442
0.8433367609977722
1.053983449935913
1.5034229755401611
0.7607885003089905
0.7553122043609619
0.85069739818573
1.0583879947662354
0.8278712034225464
0.8616517186164856
0.9949694871902466
0.7683175206184387
0.8418866991996765
0.834609866142273
0.8794135451316833
0.7210236191749573
0.9022272229194641
0.8173854947090149
1.1269460916519165
0.6796303391456604
0.6789050698280334
1.0653538703918457
0.936207115650177
0.8228290677070618
0.7813332080841064
0.9477789402008057
0.7922906279563904
0.8055716753005981
0.769019365310669
0.7687829732894897
0.7860488891601562
0.9864552617073059
0.9736856818199158
0.7486883997917175
0.6474317908287048
0.9722031354904175
0.9125707745552063
0.8756387233734131
0.7770445942878723
1.0401382446289062
0.7420288920402527
0.7979348301887512
0.7720697522163391
0.8990797400474548
1.0849753618240356
0.7617673277854919
0.8020939230918884
1.0319889783859253
0.7959399223327637
0.8682648539543152
0.8146961331367493
0.810990571975708
0.7304523587226868
0.8273611068725586
0.9378693699836731
0.7100948691368103
0.8644383549690247
0.9281853437423706
0.7304720282554626
0.8084654808044434
0.8345311284065247
0.874855101108551
0.7304118275642395
0.7168678641319275
0.9657820463180542
0.7446423172950745
1.0422477722167969
0.6604697108268738
0.8899864554405212
1.0660754442214966
0.9662002921104431
0.8846868872642517
0.696799099445343
0.5418194532394409
0.6903412938117981
0.8113774657249451
0.7476182579994202
0.8511684536933899
0.7675743103027344
0.8633725643157959
0.6469779014587402
0.8035491108894348
0.6915138959884644
0.7683759331703186
0.819976806640625
0.8195428848266602
0.8215057849884033
0.7312555909156799
0.8962305188179016
0.9458186030387878
0.7502846717834473
0.7429306507110596
0.8408649563789368
0.826056182384491
0.7453262805938721
0.7500060796737671
0.5372608304023743
0.7497978806495667
0.7169152498245239
0.8284932374954224
0.8876982927322388
0.7219091057777405
0.775811493396759
0.8170800805091858
0.7758549451828003
0.7620432376861572
0.8581677079200745
1.2116776704788208
0.9673084616661072
0.7859787344932556
0.7480399012565613
0.7790212035179138
0.7269979119300842
1.0952935218811035
1.513678789138794
0.9795201420783997
0.8166893124580383
1.0804342031478882
0.7970929741859436
0.8801106214523315
0.8613163828849792
0.7158247828483582
0.8028798699378967
0.7389737367630005
0.7360414266586304
0.8094483613967896
0.7820075750350952
0.796758234500885
0.9206076860427856
0.7479528784751892
0.8365306854248047
0.7685883641242981
0.754567563533783
0.7084340453147888
0.801096498966217
0.91987144947052
1.213017463684082
0.9587993621826172
0.7287665605545044
0.7535397410392761
0.8608314990997314
0.831894040107727
0.7565650939941406
1.1911358833312988
0.9562876224517822
0.7248932719230652
0.7275915741920471
0.9723027348518372
0.6664759516716003
0.7459280490875244
0.759652853012085
0.7681900858879089
0.8928874135017395
0.954116940498352
0.7041412591934204
0.8939226269721985
0.8873093128204346
0.824977695941925
0.7019245624542236
0.9837961196899414
0.9109761118888855
1.3423489332199097
1.0979231595993042
0.803259015083313
0.8075636029243469
0.8089332580566406
0.966795802116394
0.8961643576622009
0.7535145878791809
0.8183388113975525
0.8942440748214722
0.8305605053901672
0.8731599450111389
0.8389859199523926
0.8332463502883911
0.7074240446090698
0.6885740756988525
0.8244110941886902
0.8155812621116638
0.806164562702179
0.8369253277778625
1.2579847574234009
0.782274067401886
0.99019455909729
0.9294056296348572
0.708760678768158
0.6617403030395508
0.747707188129425
0.8874704241752625
0.7732327580451965
0.8123348355293274
0.8609532117843628
0.7787047624588013
1.2384878396987915
0.6332538723945618
0.9766110181808472
0.7290785312652588
0.8025338649749756
0.8013136982917786
0.8101598024368286
0.7060345411300659
0.7162410020828247
0.8909857273101807
0.7581080198287964
0.6829423904418945
0.7767152190208435
0.8410421013832092
1.083331823348999
0.7699381113052368
0.9171852469444275
0.7993485331535339
1.2099090814590454
0.7529895901679993
0.772481381893158
0.8496358394622803
1.0257481336593628
1.01529061794281
0.8179565072059631
0.7459378242492676
0.7689659595489502
1.105556607246399
0.7489566802978516
0.7076857686042786
0.7208186984062195
0.8827484250068665
0.7487202882766724
0.8776161670684814
0.9122890830039978
0.8047186136245728
0.767536461353302
0.8508092164993286
0.8242819905281067
0.8409056067466736
0.8960161209106445
0.7109400629997253
0.8683969974517822
0.8287899494171143
0.7374408841133118
0.8671486973762512
1.0465151071548462
0.9697808027267456
0.7740943431854248
0.8974907994270325
0.7559249997138977
0.8238771557807922
0.7781543731689453
0.7732009887695312
0.7812096476554871
0.6045275330543518
0.9901123046875
0.811575710773468
0.8028659820556641
0.7265823483467102
0.8038409352302551
0.6835216283798218
0.7641909122467041
0.8653267621994019
0.8866033554077148
0.8542883992195129
0.7490531802177429
1.0820232629776
0.7375478744506836
0.7724907398223877
0.6921945214271545
0.8161505460739136
0.842157781124115
0.7951685786247253
0.7679113745689392
0.9903634190559387
0.7375710606575012
0.7411888241767883
0.9360495805740356
0.7861996293067932
0.8540146946907043
0.7459803223609924
0.846466600894928
1.1437897682189941
0.8092977404594421
0.9762794971466064
0.7580280303955078
1.0598098039627075
1.0790208578109741
0.7115138173103333
0.8241022229194641
0.8214138150215149
0.6826975345611572
0.7318208813667297
0.9829192757606506
0.8434498906135559
0.8905970454216003
0.9286924004554749
0.6778051853179932
0.739932656288147
0.9272945523262024
0.7869228720664978
0.7068237662315369
0.8914518356323242
0.6699226498603821
0.7880486249923706
0.6967362761497498
0.7202685475349426
0.8211127519607544
0.9120186567306519
0.8118559718132019
0.9749482274055481
0.7905292510986328
0.8190138936042786
0.7813982963562012
0.606450080871582
0.7632735371589661
0.7492454051971436
0.7815901041030884
0.7622803449630737
0.7574151754379272
0.8791049122810364
0.9619694948196411
0.9574328660964966
0.8259974718093872
0.720275342464447
0.9541399478912354
0.7758185267448425
0.7069337964057922
0.7507179975509644
1.1789137125015259
0.8315610289573669
0.9712441563606262
0.831375777721405
0.6142911314964294
0.8933680653572083
0.7714518308639526
0.9006744027137756
0.6998699903488159
0.8684365153312683
0.9946621060371399
0.7899277210235596
0.7633237838745117
0.7875307202339172
0.8176133036613464
0.7891543507575989
0.6256490349769592
0.7881450653076172
0.7697377800941467
0.8146078586578369
1.0940707921981812
0.7231377363204956
0.7054612040519714
0.883686900138855
0.7152152061462402
0.8429306745529175
0.719273567199707
0.7886772155761719
1.1489827632904053
0.8913599848747253
0.7253702282905579
0.7368786931037903
0.8110483288764954
0.927704393863678
0.8782382011413574
0.8401869535446167
0.7498205304145813
0.853880763053894
0.8569879531860352
0.7647751569747925
0.747626006603241
0.7740129232406616
0.851384699344635
0.8351223468780518
0.7751768231391907
0.8515958786010742
0.7212806344032288
0.8392015099525452
0.8441890478134155
0.8203640580177307
0.9018183946609497
0.7249218821525574
1.1363911628723145
0.8230069279670715
0.6912549138069153
1.0762859582901
0.9118180871009827
1.4350894689559937
1.0418996810913086
0.6920344233512878
0.8092542290687561
0.9249218106269836
0.7376497387886047
0.7801156640052795
0.9005905985832214
0.7290399670600891
0.7505319714546204
0.769524872303009
0.8649702072143555
0.8889787793159485
0.9126308560371399
1.026065707206726
1.207659125328064
0.84010249376297
0.7806719541549683
0.7997528910636902
0.8243192434310913
0.899481475353241
0.8931211829185486
0.7017038464546204
1.016562819480896
0.9739859104156494
0.8178790211677551
0.8685136437416077
0.6512629389762878
1.225685715675354
1.0995728969573975
0.9376754760742188
0.78569495677948
0.7387049794197083
1.1133084297180176
0.7769891023635864
0.8282986879348755
0.7278057932853699
1.250182867050171
0.9031872153282166
0.8139784932136536
1.3786972761154175
0.7036364078521729
0.8089475631713867
0.7651333808898926
1.084299921989441
0.7281659245491028
0.794626772403717
0.9957224726676941
1.0501400232315063
0.7793073058128357
0.7791139483451843
0.695753276348114
0.9302586317062378
0.8261454701423645
0.7208803296089172
0.747771680355072
0.8304274678230286
0.8314211368560791
0.8190503716468811
0.80497807264328
0.9510481357574463
0.9009471535682678
0.8362709879875183
0.7888692021369934
1.244033932685852
0.8697235584259033
0.8599819540977478
0.7699745297431946
0.8068854808807373
0.9154992699623108
0.8761704564094543
0.8507797718048096
0.9086875915527344
0.7637962698936462
0.8989478349685669
1.13420832157135
0.7285429239273071
0.8554278612136841
0.8207173943519592
0.7409098744392395
0.9435194730758667
1.1247961521148682
0.9205009937286377
0.7305141091346741
0.8938522338867188
0.7886678576469421
0.858605682849884
0.7440323829650879
0.8576778769493103
0.8460586071014404
0.8467453122138977
0.7529332041740417
0.8559922575950623
0.764275848865509
0.9635120034217834
0.8192862868309021
0.7540258169174194
0.9644810557365417
0.8053070902824402
0.8548142910003662
1.0200190544128418
0.796580970287323
0.7580572366714478
0.7493765354156494
0.8211094737052917
0.8579410314559937
1.0683377981185913
0.8427433967590332
1.4769865274429321
0.8927165269851685
0.7645914554595947
0.9755352735519409
0.8157280683517456
0.7694817781448364
0.8608235120773315
0.7069495320320129
0.926204264163971
1.4650988578796387
0.7023550868034363
0.9520754218101501
1.6717687845230103
0.7635248303413391
0.8117120862007141
0.7975296378135681
0.6953153610229492
0.7766851782798767
1.1073013544082642
0.7460151314735413
1.056114673614502
0.8914867043495178
0.7651022672653198
0.7862794995307922
0.8035366535186768
0.8624429702758789
0.907588541507721
0.8461454510688782
0.7913258075714111
0.7790551781654358
1.1661773920059204
0.743933916091919
0.7643119096755981
0.772695004940033
0.8416011929512024
0.8161996603012085
0.8093575835227966
0.86357182264328
0.862365186214447
1.012022852897644
0.6856635212898254
0.8157120943069458
0.787108302116394
0.7794588208198547
0.8634320497512817
0.9215787053108215
0.7230353355407715
0.7518159747123718
0.942902684211731
0.8029977083206177
0.8106290102005005
0.8354230523109436
1.148301362991333
0.8114002346992493
1.0569356679916382
1.0531413555145264
0.7841277718544006
1.0614697933197021
0.8946660161018372
0.897391140460968
1.0735743045806885
0.6797626614570618
0.8083028793334961
0.8206225633621216
0.7348998188972473
0.6874066591262817
1.4030100107192993
0.7656375765800476
0.9373491406440735
0.8687174320220947
0.8358026146888733
0.8656537532806396
0.8186758160591125
0.7204884886741638
0.8829088807106018
0.7157540917396545
1.0612342357635498
0.7308615446090698
0.8941091895103455
0.9380340576171875
0.74696284532547
0.721994936466217
0.9676668643951416
0.8412240743637085
0.8923165202140808
1.0805977582931519
0.8351896405220032
0.8763653635978699
0.7211435437202454
0.8672900795936584
0.7444441914558411
0.7762535214424133
1.17705500125885
1.06201171875
0.920628547668457
0.8281132578849792
0.8487644195556641
0.8315386176109314
1.0360103845596313
0.7838998436927795
0.7425954937934875
0.7521381378173828
0.8339279294013977
0.8023503422737122
0.8008653521537781
0.7818379402160645
0.7764580249786377
0.750732958316803
0.8843732476234436
1.0021207332611084
0.7136219143867493
0.8302631378173828
1.0245252847671509
0.7227017283439636
1.0378999710083008
1.0427591800689697
1.0949950218200684
0.7091585993766785
0.9246265888214111
0.7244524359703064
0.8431556820869446
1.2455888986587524
0.9640691876411438
0.894756555557251
0.7539591193199158
0.7515645623207092
1.047093152999878
0.9148266911506653
0.7931217551231384
0.7239663004875183
0.9440621137619019
0.7697837948799133
0.899382472038269
0.6465634703636169
0.9402173161506653
0.7921078205108643
1.1631991863250732
0.7769015431404114
0.8345839381217957
0.7487137913703918
0.7120374441146851
1.0766047239303589
0.8014907836914062
0.8797011971473694
0.7014951109886169
0.7099428176879883
0.8806329369544983
0.8187354207038879
1.0264480113983154
0.9157952070236206
0.7917307615280151
0.7656506896018982
0.7700595855712891
0.8242613673210144
0.8903124332427979
0.7289721369743347
0.8086866140365601
0.7533851265907288
0.8821280002593994
0.7690876722335815
0.9560373425483704
0.8574216961860657
0.9924404621124268
0.942582905292511
0.829643726348877
0.7469828724861145
0.6470872163772583
0.7996004223823547
0.9526194334030151
0.8808509111404419
0.6384941935539246
0.71852707862854
0.7446106672286987
0.7275112271308899
1.0165761709213257
0.7147147059440613
0.9181109666824341
0.7896912097930908
0.8169827461242676
0.9637453556060791
1.01671302318573
0.6591526865959167
0.8332334160804749
0.5616658329963684
0.7747220993041992
0.8840040564537048
0.7622967958450317
0.8894800543785095
0.7468801140785217
0.7263398766517639
1.115112066268921
0.8389723896980286
0.7656415104866028
0.8372405767440796
1.0386015176773071
0.783743679523468
0.7835303544998169
1.0338715314865112
1.010251760482788
0.7733917236328125
0.7974610328674316
0.799923300743103
1.1338860988616943
0.7886021137237549
0.8164063692092896
0.8001522421836853
0.7679963707923889
0.8280405402183533
0.7123314738273621
0.9124382734298706
0.8774741291999817
1.0662609338760376
0.8320459723472595
1.1270692348480225
0.9419318437576294
0.8338280320167542
0.8513518571853638
0.727593719959259
0.8338261842727661
0.9992502331733704
1.0397413969039917
0.7948344349861145
0.7648388147354126
0.7642014622688293
0.7874485850334167
0.758777916431427
0.9106065034866333
0.8948237299919128
0.7897348403930664
0.8033578395843506
0.89531409740448
0.7298630475997925
0.8313361406326294
0.8251276016235352
0.8084558248519897
0.8837235569953918
0.809956967830658
0.8034819960594177
0.8264943361282349
0.7470528483390808
0.6173623204231262
0.961502194404602
0.9636474251747131
0.774652361869812
0.7273023128509521
0.7401189208030701
0.7286063432693481
0.8046489953994751
0.8095698952674866
0.843052864074707
0.7737495303153992
0.8846907019615173
0.9471369981765747
0.828274130821228
0.8014944195747375
0.8474503755569458
0.7635694146156311
0.7611230611801147
1.0056955814361572
0.7470268607139587
0.8772238492965698
0.7735267281532288
0.8857138752937317
0.8636701703071594
0.8783018589019775
0.748826801776886
0.782376766204834
1.3027514219284058
0.9520941972732544
0.8929930925369263
0.9184067845344543
1.0450011491775513
1.1686054468154907
1.056084156036377
0.7309314012527466
0.7602776288986206
0.8123410940170288
0.8602096438407898
0.7457836866378784
0.8687807321548462
0.9229665398597717
0.7538465857505798
0.7358006834983826
0.8679822087287903
0.6668326258659363
0.8000953793525696
0.8244083523750305
0.6698163151741028
1.0311145782470703
0.8600433468818665
0.8463404178619385
0.8910444974899292
1.2155777215957642
1.4978333711624146
0.6869020462036133
0.8823282718658447
0.7279500961303711
0.7666676640510559
1.0424429178237915
0.8305405378341675
0.8838101625442505
1.075749397277832
0.99089115858078
0.8568699955940247
0.9013092517852783
0.8301985859870911
0.7057257890701294
0.7453039288520813
0.8017802834510803
0.7336429357528687
0.7764304280281067
0.8046408295631409
0.796271562576294
0.8743776679039001
0.7674263119697571
0.6999276280403137
0.8868123888969421
0.6999719738960266
0.7235749363899231
1.3104718923568726
0.8542542457580566
0.8205863237380981
1.0576635599136353
0.8454616665840149
0.7927977442741394
1.0346819162368774
0.8110300898551941
0.8140433430671692
0.8141868710517883
0.7700982689857483
0.7047024369239807
0.7958916425704956
0.8254092335700989
0.764848530292511
0.7537692785263062
1.0242947340011597
0.8906294703483582
0.8112967610359192
0.8171103000640869
0.9038486480712891
0.8233707547187805
1.0075547695159912
0.9276449680328369
1.128552794456482
0.7977323532104492
0.7708571553230286
0.789574146270752
0.8923910856246948
0.7728279829025269
0.7052266001701355
0.7659920454025269
0.8133124709129333
0.7495370507240295
0.9308056235313416
