0.18355397880077362
0.28114965558052063
0.3093092739582062
0.37425580620765686
0.43957674503326416
0.4369794428348541
0.5719026327133179
0.6626956462860107
0.6769757866859436
0.6264230608940125
0.5761106014251709
0.7148100733757019
0.692309558391571
0.7710009217262268
0.8040004968643188
0.9068571329116821
0.8747604489326477
0.8415352702140808
3.4473819732666016
1.239785075187683
1.045161485671997
0.7526686191558838
0.8121953010559082
0.9794728755950928
0.8435889482498169
0.7873827219009399
0.9401893019676208
1.1313424110412598
1.109804630279541
3.1843717098236084
1.2644340991973877
1.2246953248977661
1.100254774093628
0.8105427622795105
0.8460768461227417
3.4368834495544434
0.7408594489097595
1.0645078420639038
0.7133501768112183
1.6667040586471558
2.6148693561553955
0.7871795892715454
1.2465941905975342
3.6716506481170654
1.4349547624588013
2.51906156539917
0.5325295925140381
2.66361403465271
1.072177767753601
0.6811053156852722
0.47638875246047974
1.9862780570983887
0.6502982974052429
1.059160828590393
0.6231260299682617
0.6191522479057312
2.434964895248413
0.7583661079406738
0.7092064619064331
0.6254462599754333
0.6757708191871643
1.7970637083053589
1.0198692083358765
0.530078649520874
0.6745362877845764
0.9570035338401794
0.7564253807067871
0.49846404790878296
0.6470355987548828
0.6193112730979919
0.7047370076179504
0.6693808436393738
0.4727383553981781
0.43281394243240356
0.4247019588947296
1.2417378425598145
0.3265877366065979
0.2913508713245392
0.414702832698822
0.5560720562934875
0.4231334328651428
0.3418736159801483
0.48587384819984436
0.2731001079082489
0.378688782453537
0.5362499952316284
0.38336217403411865
1.7798973321914673
0.36816397309303284
0.6233594417572021
0.33922821283340454
0.3155237138271332
0.3889930546283722
0.4296739101409912
0.416046679019928
0.4058420956134796
0.40734657645225525
0.4783458411693573
0.48035192489624023
0.7456360459327698
0.3966125249862671
0.5141657590866089
0.5453672409057617
0.6364654898643494
0.5391985774040222
0.786662757396698
0.7227239012718201
0.8057368397712708
0.4803237318992615
0.9176788926124573
0.7234819531440735
0.695729672908783
0.7637813091278076
0.5549871921539307
0.5351778268814087
0.602834939956665
0.5892351269721985
0.8815635442733765
2.0191445350646973
0.8573455214500427
0.6178744435310364
0.7552331686019897
0.6479771137237549
0.5972939729690552
0.813199520111084
0.5997806191444397
0.4908834993839264
1.9835516214370728
1.0472038984298706
0.8744089603424072
0.8016166090965271
1.020355463027954
0.9123926758766174
0.7861274480819702
0.6395681500434875
1.4184261560440063
0.5751828551292419
1.0721638202667236
1.2087583541870117
0.4993710219860077
0.42790111899375916
0.6085596084594727
1.5588750839233398
0.6536169648170471
0.625211775302887
0.4311092495918274
0.5679004192352295
0.47478190064430237
0.5508520007133484
0.42484381794929504
0.5079213976860046
0.7240476012229919
1.3177063465118408
0.41931140422821045
0.7990779876708984
0.37499621510505676
0.5449785590171814
0.4118952453136444
0.3458898365497589
0.3364028036594391
0.34803783893585205
0.39953669905662537
1.2443029880523682
0.37953096628189087
0.9802344441413879
0.3733881711959839
0.3555245101451874
0.39344319701194763
0.2425258755683899
0.35139018297195435
0.3319547176361084
0.3702050745487213
0.49959540367126465
0.3295086622238159
0.5927762985229492
0.39158326387405396
1.599634051322937
0.5712890028953552
0.3773840665817261
0.30945584177970886
1.7973850965499878
0.489751398563385
0.6776686906814575
2.1363918781280518
1.3874579668045044
0.5663643479347229
0.47585442662239075
0.6095284819602966
0.5541754364967346
1.514069676399231
0.4322128891944885
0.5166820883750916
0.3712945580482483
0.36778125166893005
0.3607661724090576
0.2436199188232422
1.339294672012329
0.40366315841674805
0.46261361241340637
1.5758888721466064
0.39059239625930786
0.4511958360671997
0.3352848291397095
0.537028968334198
0.4195914566516876
0.3654232919216156
0.2788555324077606
0.47267794609069824
0.3820156455039978
0.8230019807815552
0.30986374616622925
0.4520091712474823
0.3360709249973297
0.37020343542099
0.3211013376712799
0.4904824197292328
0.7572214007377625
0.36531803011894226
0.7256955504417419
0.39895951747894287
0.5897493362426758
0.4120439291000366
0.36388149857521057
0.2923590838909149
0.9870982766151428
1.112762451171875
0.3731125295162201
0.43346431851387024
1.399269700050354
0.5263460278511047
0.29854732751846313
0.43360158801078796
0.3779079020023346
0.3373415768146515
0.36988717317581177
0.3472405970096588
0.47926807403564453
0.3196199834346771
0.25932449102401733
0.3254755735397339
0.3408716917037964
1.9506312608718872
0.7313472628593445
0.36588793992996216
0.3786951005458832
0.5393183827400208
0.2587263584136963
0.24405978620052338
0.384663462638855
0.2573443353176117
0.32286617159843445
0.3457803428173065
0.2409340739250183
0.33832061290740967
0.3620274066925049
0.3107180893421173
0.2867327928543091
0.32242611050605774
0.41905736923217773
0.2762368321418762
1.3755011558532715
0.6678188443183899
0.37333399057388306
1.447007656097412
0.36210545897483826
2.194063186645508
0.2752830982208252
0.3147791624069214
0.7011656165122986
0.3631322383880615
1.337306022644043
0.34232786297798157
0.3665282428264618
0.2796255052089691
0.8679530024528503
0.45796048641204834
0.4024503529071808
0.3286924958229065
0.2775375545024872
0.32072389125823975
0.29056215286254883
0.6298832893371582
0.7838865518569946
0.531415581703186
0.346675306558609
0.6535149812698364
0.7424328327178955
1.1031780242919922
0.3383996784687042
0.2914786636829376
0.32103830575942993
0.28323692083358765
0.3366343379020691
0.36383679509162903
0.28353554010391235
0.2829221487045288
0.29015204310417175
0.2953628599643707
0.24147479236125946
0.27158600091934204
2.9040682315826416
0.3163900077342987
0.30140918493270874
0.3533983528614044
0.24567781388759613
0.2595983147621155
0.9719095230102539
0.4230974316596985
0.5847647786140442
0.29889288544654846
0.23411573469638824
0.2631336450576782
0.24034641683101654
0.34289899468421936
0.30483385920524597
0.2671689987182617
0.2625025510787964
0.2143983542919159
0.5281722545623779
0.3418130576610565
0.26358985900878906
1.3755302429199219
0.4188591539859772
0.401400089263916
0.4661361873149872
0.33222225308418274
0.3972416818141937
0.30755507946014404
0.2876380980014801
0.368934690952301
0.31642386317253113
0.2508407533168793
0.24559251964092255
0.25771260261535645
0.3258519768714905
0.3584156930446625
0.3557398319244385
0.2963874936103821
0.3007489740848541
0.2623089849948883
1.7558397054672241
0.3956187069416046
0.3478817939758301
0.2980228364467621
0.34414026141166687
0.2859227955341339
0.5251926779747009
0.3116793930530548
0.5510159134864807
1.8565921783447266
1.1333461999893188
0.3598918318748474
0.24342942237854004
0.2548929452896118
0.24161334335803986
0.34585219621658325
1.112799882888794
0.200783371925354
0.21942003071308136
0.47652357816696167
0.8035788536071777
0.3014759421348572
0.5193474292755127
0.22091840207576752
0.3218320608139038
0.21297267079353333
0.21284493803977966
0.2726375460624695
0.34755846858024597
0.19259294867515564
0.2378852516412735
0.47912368178367615
0.42003870010375977
0.18837980926036835
0.2153586447238922
0.3524618446826935
0.3131515085697174
0.23331664502620697
0.21379674971103668
0.33483558893203735
0.2682051658630371
0.2871035635471344
0.25652775168418884
1.0022145509719849
0.23160384595394135
0.2415420562028885
0.3008081912994385
0.27051109075546265
0.2276812493801117
0.3000481426715851
0.8396071791648865
0.46163755655288696
0.4304206073284149
1.510120153427124
0.27966901659965515
0.2986679673194885
0.3910723030567169
0.2328520268201828
0.22863875329494476
0.3469756543636322
0.22214217483997345
0.2092909961938858
0.38249072432518005
0.45714232325553894
0.5261486768722534
0.27220407128334045
1.3387728929519653
0.2818964123725891
0.3372986614704132
0.40437933802604675
0.3268839418888092
2.2367193698883057
0.2774777412414551
0.33527982234954834
2.683725118637085
0.264850914478302
0.33117616176605225
0.311730295419693
0.432998925447464
0.38323119282722473
0.4025513827800751
0.23617370426654816
0.38035207986831665
0.29458123445510864
0.24776172637939453
0.226096972823143
0.21408353745937347
0.7012627124786377
0.24906811118125916
0.24019785225391388
0.5737861394882202
0.852275013923645
0.592254102230072
0.31967055797576904
0.3778986632823944
0.4630628526210785
0.26056787371635437
0.3210742771625519
0.19753974676132202
0.2798464298248291
1.3889656066894531
0.20237210392951965
0.23241762816905975
0.33899787068367004
0.9513280987739563
0.39163920283317566
0.30593428015708923
0.4100296199321747
1.0157074928283691
0.41910520195961
0.41341233253479004
0.36205020546913147
0.36771538853645325
0.2756253480911255
0.376713365316391
0.3067517876625061
0.2858530580997467
0.2386023998260498
0.23902352154254913
0.4628307819366455
0.22209766507148743
0.2741236984729767
0.40204501152038574
0.3674588203430176
0.31949231028556824
0.27111029624938965
0.29809558391571045
0.2257154881954193
0.27534666657447815
0.2117558717727661
0.24873694777488708
1.1060774326324463
0.19994714856147766
0.4968489408493042
0.26429283618927
0.2765217423439026
0.24758872389793396
0.26687732338905334
0.4587477445602417
1.1879866123199463
0.2369292974472046
0.3104906976222992
0.36534950137138367
0.3208630084991455
0.454922080039978
0.21572819352149963
1.0643643140792847
1.2757548093795776
0.9896456599235535
0.3446429669857025
0.2883939743041992
0.3495725989341736
0.27884042263031006
0.4020146131515503
0.4795415997505188
0.24870583415031433
0.3331964313983917
0.4966100752353668
0.5714588165283203
0.25571951270103455
0.2296711951494217
0.2836301028728485
0.3275580108165741
0.2784014940261841
0.267961710691452
0.2929694354534149
0.4222034811973572
1.9484202861785889
0.34166985750198364
0.30048349499702454
0.31093302369117737
0.3317267894744873
0.2946414351463318
0.5211861729621887
0.591687023639679
0.243389293551445
0.19028085470199585
2.9771201610565186
0.4424397051334381
0.35699033737182617
0.3907017409801483
0.3020161986351013
0.3136463463306427
0.2636459767818451
0.306177020072937
0.3159429132938385
0.29998084902763367
0.8540856838226318
0.19795258343219757
0.2402183562517166
0.27846410870552063
0.34053391218185425
0.2398720383644104
0.9292739629745483
0.2510795295238495
0.30587074160575867
0.6081502437591553
0.2809436619281769
0.3597123324871063
0.2933783531188965
0.38233116269111633
0.3344873785972595
0.31891804933547974
0.36221134662628174
0.4313047230243683
0.23429234325885773
0.26612913608551025
0.7957574725151062
0.607703685760498
0.3074275851249695
0.39760521054267883
0.30008894205093384
0.35502833127975464
0.4710855185985565
0.3982062041759491
0.2677117586135864
0.9199825525283813
0.45081645250320435
0.31864798069000244
0.33090290427207947
0.27431052923202515
0.25676921010017395
0.3151725232601166
0.40465015172958374
0.21746349334716797
0.37386128306388855
0.30604323744773865
0.23073497414588928
0.2818770110607147
0.28104206919670105
0.25398027896881104
0.32637378573417664
0.2808806598186493
0.514146089553833
0.48147818446159363
0.4966772794723511
0.26598408818244934
0.23984061181545258
0.23987005650997162
0.25273823738098145
0.22844570875167847
0.3298894762992859
5.1782097816467285
0.2726994454860687
0.2189527153968811
1.0390136241912842
0.1778240203857422
0.19714204967021942
0.34923824667930603
1.482801914215088
1.820203185081482
0.30872032046318054
0.23284883797168732
1.2615909576416016
0.3043767213821411
1.3604092597961426
0.31551244854927063
0.4519176483154297
0.36400526762008667
0.3216569423675537
0.2950846254825592
0.2943125367164612
0.32263249158859253
0.3305279612541199
0.34825751185417175
0.4245387613773346
0.25698721408843994
0.798058032989502
0.3057008385658264
0.5340065360069275
0.31275030970573425
0.3194870352745056
0.4964035451412201
0.2579787075519562
0.6058645844459534
0.21931158006191254
0.2502557039260864
0.3430025279521942
0.29079359769821167
0.2417004406452179
0.2372412383556366
0.19877886772155762
0.23584166169166565
0.7451109290122986
0.25531071424484253
0.1908877044916153
0.22573943436145782
0.1849784106016159
0.2733336389064789
0.48066267371177673
0.2596777379512787
0.6826689839363098
0.29280370473861694
0.374581903219223
0.3495788276195526
0.4343048632144928
0.29982876777648926
0.26884621381759644
0.2337273359298706
0.23006834089756012
0.27281996607780457
1.1021318435668945
0.2956996262073517
0.3130135238170624
1.343038558959961
0.24461445212364197
0.24521154165267944
0.22967761754989624
0.25611937046051025
0.369581937789917
0.2885744869709015
0.299238383769989
0.22648708522319794
0.5932807326316833
0.44833478331565857
0.27646416425704956
0.35635173320770264
0.25167539715766907
0.3100705146789551
0.24290494620800018
0.27859169244766235
0.3235861659049988
0.23909853398799896
0.4668053686618805
0.2689456343650818
1.0586079359054565
1.0916600227355957
0.31544435024261475
0.27178022265434265
0.37126004695892334
0.269045889377594
0.436713308095932
0.33869072794914246
0.23644238710403442
0.24584007263183594
0.25542137026786804
0.4584113359451294
0.2717699706554413
1.6498409509658813
0.2839408218860626
0.22866864502429962
1.156589150428772
0.4625672996044159
0.9929517507553101
0.8381813168525696
0.3707926273345947
0.3186921179294586
0.401250422000885
0.31808996200561523
0.5729835033416748
0.2787056267261505
0.43210089206695557
0.47666993737220764
0.22840610146522522
0.3569917380809784
0.33820173144340515
0.28060558438301086
0.2811131477355957
0.6755829453468323
0.2935584485530853
0.2971118986606598
1.3335767984390259
0.42532187700271606
0.4190327525138855
0.2104409784078598
0.24342769384384155
0.2905677556991577
0.1992098093032837
0.24083848297595978
0.32944613695144653
0.26871272921562195
1.476637601852417
0.2341753989458084
0.2633185386657715
0.16333095729351044
0.25972631573677063
0.26952624320983887
0.16996699571609497
0.24107803404331207
0.9814900159835815
0.2686074674129486
0.30788442492485046
0.1887241154909134
0.3611105978488922
0.22558751702308655
0.3546358644962311
0.2655262351036072
0.27718034386634827
0.7475858926773071
0.17275099456310272
0.5183752179145813
0.27888017892837524
0.3099593222141266
0.3359181582927704
0.3551485538482666
0.231183260679245
0.33895495533943176
0.3323705494403839
0.25507864356040955
0.2494087964296341
0.37208953499794006
0.2796885073184967
0.30077967047691345
0.25210005044937134
0.32891926169395447
0.29741033911705017
0.36445650458335876
0.26744344830513
0.30300143361091614
0.639478325843811
0.22660745680332184
0.5753234028816223
0.194831982254982
0.5735349655151367
0.2686356008052826
0.3009483516216278
0.377030611038208
0.20561431348323822
0.2027859091758728
1.1596630811691284
0.23145119845867157
0.34390005469322205
0.3637852966785431
0.5499294996261597
0.24782736599445343
0.18132174015045166
0.3316088318824768
0.22685694694519043
0.22520092129707336
0.31967076659202576
0.2633698880672455
1.9953079223632812
0.20004618167877197
0.2504602074623108
0.2817295491695404
0.6321505904197693
0.34922415018081665
0.21059417724609375
0.21166925132274628
0.4270707368850708
0.36613529920578003
0.1972869336605072
0.40264132618904114
0.2661339044570923
0.5847119688987732
0.20952299237251282
0.6635412573814392
0.2406933605670929
0.2912784516811371
0.29799237847328186
0.22167187929153442
0.2255321890115738
0.2932431399822235
0.24958573281764984
0.23449553549289703
0.2175816148519516
0.19717063009738922
0.32737234234809875
0.4063076376914978
0.23015525937080383
0.22132565081119537
0.16399678587913513
0.35441121459007263
0.2649484872817993
0.5216469764709473
0.4870803654193878
0.7271085977554321
0.24058067798614502
0.35695478320121765
0.27209964394569397
0.30650463700294495
0.21349495649337769
0.2374885231256485
0.38952910900115967
0.15895386040210724
0.7173439860343933
0.41689184308052063
0.9741915464401245
1.1462147235870361
0.2991751730442047
0.5207680463790894
0.5072124600410461
0.18593920767307281
0.47011545300483704
0.4880286157131195
0.5970158576965332
0.24827224016189575
0.32134810090065
0.23697863519191742
0.35390186309814453
1.355141282081604
0.1795414686203003
0.4193387031555176
0.20177893340587616
0.6481973528862
0.8712859749794006
0.44138118624687195
0.2449386566877365
0.5902771353721619
0.5631589889526367
0.5404378771781921
0.407466858625412
0.8813711404800415
0.2775275409221649
0.3121003210544586
0.22304123640060425
0.2441219538450241
0.3282549977302551
1.0066773891448975
0.5232259631156921
0.27695462107658386
0.29010820388793945
0.2874583899974823
0.30468371510505676
0.26703253388404846
0.3924408555030823
0.38974887132644653
1.6741405725479126
0.7272413969039917
0.23246893286705017
0.28891733288764954
0.24371784925460815
0.49871090054512024
0.2685009837150574
0.25911015272140503
0.23164744675159454
0.26899316906929016
0.4749864637851715
0.2924778163433075
0.28725534677505493
0.3006177246570587
0.27675861120224
0.5207890868186951
0.20724935829639435
0.2727864384651184
0.2224944829940796
0.21111348271369934
0.2908751666545868
0.3193739354610443
0.45065662264823914
0.7412061095237732
0.27568361163139343
1.1526979207992554
0.7588684558868408
0.6774892210960388
0.6327585577964783
0.31911706924438477
0.23574210703372955
0.40346378087997437
0.8546614050865173
0.8989213109016418
0.6944284439086914
0.3936513662338257
0.3041863441467285
0.3027469515800476
0.3910187780857086
0.4219019412994385
0.2407674491405487
0.326630562543869
0.22904625535011292
0.2738526463508606
0.21453747153282166
0.4045579731464386
0.35020911693573
0.42885199189186096
0.31446608901023865
0.21860316395759583
0.31671470403671265
0.2676379382610321
0.5219886302947998
0.19894425570964813
0.3679237961769104
0.2242753952741623
0.25564461946487427
0.25988566875457764
0.2636553943157196
0.26247265934944153
0.20604541897773743
0.23657415807247162
0.32964444160461426
0.23221410810947418
0.3394249379634857
0.1702745258808136
0.2242860049009323
0.31558722257614136
0.2810320258140564
0.9652976989746094
0.8076187968254089
0.37111663818359375
0.2129390686750412
0.5519769191741943
2.1188910007476807
0.24875010550022125
0.17137040197849274
0.2571253180503845
0.4541069567203522
0.3725702464580536
0.1990191489458084
0.6302482485771179
0.25616905093193054
1.0811197757720947
0.2828178405761719
0.2610422968864441
0.313985675573349
0.30944550037384033
0.7243540287017822
0.26030203700065613
0.3811521530151367
0.27351704239845276
0.32663658261299133
0.4011407792568207
0.20335447788238525
0.28228482604026794
0.7173576354980469
0.3851480185985565
0.2974359095096588
0.615980327129364
0.2834310829639435
0.2483384907245636
0.3588637113571167
0.2889370918273926
0.33583229780197144
0.3378095328807831
0.512567400932312
0.2825693190097809
0.37243810296058655
0.6941747665405273
0.2570883631706238
0.37254828214645386
0.2539310157299042
0.16902273893356323
0.29163604974746704
0.2519094944000244
0.2843284606933594
0.20769460499286652
0.21501001715660095
0.3319687247276306
0.18073716759681702
0.2657742500305176
0.42781397700309753
0.35729679465293884
0.1714688241481781
0.22382688522338867
0.22216948866844177
0.19529949128627777
0.5220017433166504
0.3905470669269562
0.38127660751342773
0.28863006830215454
0.214060977101326
0.25774985551834106
0.5066500902175903
0.23044906556606293
1.1292850971221924
0.3226190507411957
0.5778599381446838
0.23263730108737946
0.6646267175674438
0.6291946768760681
0.4504126310348511
0.3552246391773224
0.3640276789665222
0.3404965102672577
0.30656856298446655
0.420253723859787
0.3257966637611389
0.25364336371421814
0.3986296057701111
0.2173479199409485
0.3446741998195648
1.0871117115020752
0.3352903425693512
0.3993096351623535
0.41864079236984253
0.7441285252571106
0.267035573720932
0.39367759227752686
1.0859788656234741
0.23508518934249878
0.5493288040161133
0.5292497873306274
0.5208770632743835
0.4534127414226532
0.24388258159160614
0.18571892380714417
0.60147625207901
0.2503603994846344
0.4797588884830475
0.34249958395957947
0.534580647945404
0.24644532799720764
0.2060587853193283
1.4315098524093628
0.328267902135849
0.30657443404197693
0.309805691242218
0.35230252146720886
0.2967816889286041
0.426911860704422
0.2669122517108917
0.32529217004776
0.3503996729850769
0.47581085562705994
0.5952572822570801
0.345391184091568
0.26984232664108276
0.31679120659828186
0.23406951129436493
0.2906264066696167
0.7301986813545227
0.25931960344314575
0.3438648581504822
0.3759874701499939
0.1804625689983368
0.4793700575828552
0.2639036774635315
0.6585885286331177
0.4482575058937073
0.28077393770217896
0.5110359787940979
0.2228608876466751
0.34844598174095154
0.4722808003425598
0.2851561903953552
0.311418354511261
0.27306807041168213
0.2893310487270355
0.4367155432701111
0.3167404532432556
0.22250743210315704
1.1148062944412231
0.8544816374778748
0.689422607421875
0.37165623903274536
0.6737697124481201
0.3780836760997772
0.44046691060066223
0.7156356573104858
0.31602659821510315
0.2328786551952362
0.26223576068878174
0.5147925019264221
0.2844521999359131
0.18932192027568817
0.25838205218315125
0.2725886106491089
0.2500680983066559
0.2835429310798645
0.22537176311016083
0.5947603583335876
0.21520575881004333
0.2341756671667099
0.28951629996299744
0.2361871600151062
1.188797950744629
0.23123188316822052
0.26191723346710205
0.2217320054769516
0.3676590919494629
0.3228209614753723
0.25516819953918457
0.27232229709625244
0.3564153015613556
0.20385606586933136
0.4765617847442627
0.4208511710166931
0.4605228006839752
0.3078797459602356
0.649349570274353
0.2436453402042389
0.8167586326599121
1.4863439798355103
0.2369731366634369
0.5207290053367615
0.17955541610717773
0.4107969403266907
0.37509459257125854
0.21650603413581848
0.17455138266086578
0.5692225694656372
0.5154263377189636
0.46871107816696167
0.19879250228405
0.24022994935512543
0.37112268805503845
0.4302653968334198
0.558487057685852
0.23698081076145172
0.41394931077957153
0.34941211342811584
0.5415191054344177
0.2681061923503876
0.3251877427101135
0.47577911615371704
0.6971428990364075
0.2920316755771637
0.32005155086517334
0.2528369128704071
0.6352217793464661
0.4910329580307007
0.7407873272895813
0.18222135305404663
0.3045598566532135
0.2851044237613678
0.33077704906463623
0.3975374400615692
0.38621747493743896
0.9876599311828613
0.40626975893974304
0.24600963294506073
0.4570893943309784
1.269773244857788
0.24695701897144318
0.887123703956604
0.3244900107383728
0.454285591840744
0.30619531869888306
0.2957979738712311
0.32242220640182495
0.2819768488407135
0.49391379952430725
0.5425682067871094
0.4557107985019684
0.6709864139556885
0.6018970012664795
0.2667861580848694
0.2396932989358902
0.597791314125061
0.3723870515823364
0.4928377568721771
0.497505784034729
0.27292588353157043
0.1975938081741333
0.4785822033882141
0.5804715156555176
0.28024065494537354
0.19362685084342957
0.332889586687088
0.22884143888950348
0.3616865575313568
0.4121127128601074
0.2481248527765274
0.40545719861984253
0.37805911898612976
0.29035043716430664
0.40947604179382324
0.5441823601722717
0.3184555470943451
0.34133660793304443
0.34682390093803406
0.4613388180732727
0.31858494877815247
0.21601392328739166
0.3968977928161621
0.2543141841888428
0.4135764241218567
0.8840199112892151
0.4521552324295044
0.192377507686615
0.3027501404285431
0.4014403820037842
0.25927114486694336
0.23450639843940735
0.349540650844574
0.20643973350524902
0.22345107793807983
0.7810811996459961
0.23982462286949158
0.330826073884964
0.5072512030601501
0.2749175727367401
0.6500505208969116
0.26911085844039917
0.9075428247451782
0.4984222650527954
0.3013436198234558
0.2576759159564972
0.27236130833625793
0.48882049322128296
0.507121741771698
0.3641975522041321
0.35195842385292053
0.20011402666568756
0.3582913279533386
1.2257133722305298
0.43878719210624695
0.32316774129867554
0.30837732553482056
0.632954478263855
0.3859905004501343
0.8987423181533813
0.5355700254440308
0.5207501649856567
0.4456931948661804
0.2031199038028717
0.843139111995697
0.5410218834877014
0.2520030736923218
0.8036867380142212
0.7266401648521423
0.8640192151069641
0.4403422772884369
0.7981983423233032
0.5355467200279236
0.3169535994529724
0.2243732213973999
0.36885979771614075
0.6710146069526672
0.4622979164123535
0.24526041746139526
0.4370875656604767
0.3068070411682129
0.35988157987594604
0.3882853090763092
0.2254265993833542
0.4926060736179352
0.2831575274467468
0.4513078033924103
0.5625512599945068
0.26039543747901917
0.4041103720664978
0.3401603698730469
0.2630802392959595
0.2424393594264984
0.4891316890716553
0.3725878596305847
1.0862575769424438
0.17134049534797668
0.7209686636924744
0.617250919342041
0.3726256191730499
0.25798457860946655
0.3777177631855011
0.4801890254020691
0.35095465183258057
0.24540817737579346
0.32421308755874634
0.3865424692630768
0.28450825810432434
0.41896653175354004
0.9600575566291809
0.5345235466957092
0.21782979369163513
0.2503505349159241
0.23446370661258698
0.4920561611652374
0.3197161555290222
0.27955955266952515
0.33017757534980774
0.22283987700939178
0.3301180601119995
0.3099876046180725
0.610355794429779
0.19863803684711456
0.25078412890434265
0.2910371422767639
0.4890711307525635
0.3403162360191345
0.7493447661399841
0.24346069991588593
0.3531801998615265
0.7794579863548279
0.8438395261764526
0.7039061188697815
0.3337700664997101
0.662516176700592
0.19317682087421417
1.0501340627670288
0.43500643968582153
0.7672892212867737
0.3121877908706665
0.6785234808921814
0.32266587018966675
0.808832049369812
0.23934638500213623
0.2638671100139618
0.34187957644462585
0.7756641507148743
0.9861868023872375
0.24721147119998932
0.2828826904296875
0.40614646673202515
0.25952965021133423
0.3005371689796448
0.2739960253238678
0.25260254740715027
0.28106045722961426
0.3099612891674042
0.19976794719696045
0.3231055736541748
0.9047766923904419
0.22281037271022797
0.3674745559692383
0.34172555804252625
0.853917121887207
0.7083727121353149
0.4746811091899872
0.7978905439376831
0.30047082901000977
0.25186771154403687
0.5406522154808044
0.26923635601997375
0.18523231148719788
0.2010948657989502
0.3691151440143585
0.24900200963020325
0.26342111825942993
0.33619189262390137
0.727435290813446
0.5275278687477112
0.3079151213169098
0.3407887816429138
0.36425378918647766
0.7345190644264221
0.5091283321380615
0.282727986574173
0.8776583075523376
0.9898010492324829
0.9912455677986145
0.3146217465400696
0.6117110848426819
0.3763521909713745
0.25510501861572266
0.8497782349586487
0.4209524989128113
0.8779849410057068
0.8431887626647949
0.3082742393016815
0.5977755784988403
0.6403102278709412
0.33080577850341797
0.2597303092479706
0.20503392815589905
0.523970901966095
0.882702648639679
0.5236530900001526
0.4310040771961212
0.27350571751594543
0.737542986869812
0.2996426224708557
1.0533589124679565
0.7486597895622253
0.47777503728866577
0.3082036077976227
0.5944691896438599
0.7092636823654175
0.23652875423431396
0.4968029856681824
0.6287528872489929
0.6727684140205383
0.3882458209991455
0.8124592900276184
2.1754703521728516
0.42796391248703003
0.2672308087348938
0.8853224515914917
0.4215376079082489
0.48316502571105957
0.21648739278316498
0.9750880002975464
0.7588799595832825
0.3652745187282562
0.2544907331466675
0.2850005030632019
0.19877371191978455
0.4224955141544342
0.2844540774822235
0.2682363986968994
0.39826512336730957
0.5597411394119263
0.3884120583534241
0.4507737457752228
0.3839372992515564
0.1919916421175003
0.3878456950187683
0.6693127155303955
0.2914665639400482
0.4465699791908264
0.32826918363571167
0.2648797333240509
0.2071857750415802
0.5335943102836609
0.19068624079227448
0.35401850938796997
0.2938799262046814
0.302998423576355
0.2386620193719864
1.1188147068023682
0.2576844394207001
0.47627079486846924
0.280924916267395
0.3286316990852356
0.5718750357627869
0.31254953145980835
0.3805314302444458
0.2668569087982178
0.2964813709259033
0.656883180141449
0.308102548122406
0.5059324502944946
0.5617338418960571
0.46947306394577026
0.23528140783309937
0.31009045243263245
0.2618434429168701
0.2417931854724884
0.19603955745697021
0.2764197587966919
0.20210778713226318
0.3422035574913025
0.24799081683158875
0.37764880061149597
0.5475051403045654
0.3969155251979828
0.3173024356365204
0.2589819133281708
0.4048975706100464
0.24075151979923248
0.48698627948760986
0.9043817520141602
0.21616116166114807
0.9887917637825012
0.3743952512741089
0.19239014387130737
0.3707023561000824
0.24977996945381165
0.7833493947982788
0.5466426610946655
0.29516494274139404
0.5019806027412415
0.30985599756240845
0.2960415780544281
0.255577951669693
0.443219393491745
1.0057709217071533
0.2412187159061432
0.3247123658657074
0.3010173439979553
0.2566536068916321
0.41995376348495483
0.3105214834213257
0.6616736650466919
0.20570866763591766
0.4083991050720215
1.292154312133789
0.2658502459526062
0.3040003776550293
0.8293595910072327
0.26771238446235657
0.24645036458969116
1.175392746925354
0.39921140670776367
0.8556966185569763
0.1796209216117859
0.34027138352394104
0.580781877040863
0.5569794178009033
0.3009655773639679
0.43487000465393066
0.19056054949760437
0.2945583462715149
0.29777979850769043
0.31556937098503113
2.1983211040496826
0.32129964232444763
0.27705323696136475
0.6213709115982056
0.3582533597946167
0.32690325379371643
0.5755663514137268
0.32998132705688477
0.24868576228618622
0.581272542476654
0.3352745771408081
0.7976384162902832
0.5861559510231018
0.2564369738101959
0.28165507316589355
0.6499735116958618
0.324825257062912
0.3576645255088806
0.21914441883563995
0.21771889925003052
0.3052966296672821
0.7905399203300476
0.5881043076515198
0.5049250721931458
0.21562674641609192
0.31809723377227783
0.2836713194847107
0.4961903691291809
0.17841003835201263
0.38284122943878174
0.16482259333133698
0.3176235556602478
0.21082286536693573
0.36926472187042236
0.3497246503829956
0.9953417778015137
0.6169236302375793
1.2215412855148315
0.8103066086769104
0.3914552927017212
0.8412929177284241
0.3334541320800781
0.22727690637111664
0.3608923554420471
0.43920502066612244
0.38357019424438477
1.6973336935043335
0.291037917137146
0.39380335807800293
0.5935009121894836
0.5263204574584961
0.3124600350856781
0.3724820911884308
0.7410693764686584
0.6334624886512756
0.46892833709716797
0.8106871843338013
0.2985473871231079
0.5150641798973083
0.21101361513137817
0.3047640025615692
0.18850621581077576
0.22731809318065643
0.2721240520477295
